 # FREQUENCY_MHZ      FFTREAL      FFTIMAG     EFFT
  0.00000000   4.84464380   0.00000000   0.45387756
  0.07441860   4.94275195   0.15901399   0.45387756
  0.14883721   5.11961670   0.14176871   0.45387756
  0.22325581   5.17883736  -0.01972069   0.45387756
  0.29767441   5.05628886  -0.15880273   0.45387756
  0.37209302   4.83503423  -0.12886101   0.45387756
  0.44651162   4.70346138   0.11084593   0.45387756
  0.52093022   4.83548481   0.38616946   0.45387756
  0.59534883   5.12300332   0.41370069   0.45387756
  0.66976743   5.21816609   0.19818388   0.45387756
  0.74418604   4.99733425   0.09328728   0.45387756
  0.81860464   4.74415238   0.35982255   0.45387756
  0.89302324   4.82628832   0.87153152   0.45387756
  0.96744185   5.33576315   1.24204906   0.45387756
  1.04186045   5.98881106   1.17881819   0.45387756
  1.11627905   6.40137555   0.77679958   0.45387756
  1.19069766   6.48504905   0.36568683   0.45387756
  1.26511626   6.41438380   0.12947389   0.45387756
  1.33953486   6.36475632   0.06368365   0.45387756
  1.41395347   6.45582519   0.06105128   0.45387756
  1.48837207   6.65249089  -0.06874641   0.45387756
  1.56279067   6.72261485  -0.34201099   0.45387756
  1.63720928   6.60990905  -0.49283654   0.45387756
  1.71162788   6.60344059  -0.41426466   0.45387756
  1.78604649   6.88200366  -0.38358023   0.45387756
  1.86046509   7.24394058  -0.65562566   0.45387756
  1.93488369   7.39653209  -1.17534153   0.45387756
  2.00930230   7.21007035  -1.69252451   0.45387756
  2.08372090   6.80355982  -1.91616781   0.45387756
  2.15813950   6.55204805  -1.78161236   0.45387756
  2.23255811   6.69962377  -1.65436270   0.45387756
  2.30697671   6.96505732  -1.90984412   0.45387756
  2.38139531   6.90888226  -2.39414933   0.45387756
  2.45581392   6.54522284  -2.67510560   0.45387756
  2.53023252   6.23101670  -2.64583270   0.45387756
  2.60465112   6.14253180  -2.53576405   0.45387756
  2.67906973   6.19680682  -2.51584383   0.45387756
  2.75348833   6.30108728  -2.62543939   0.45387756
  2.82790693   6.35160002  -2.89201078   0.45387756
  2.90232554   6.20560540  -3.21188175   0.45387756
  2.97674414   5.92681635  -3.37071650   0.45387756
  3.05116275   5.74870847  -3.39204456   0.45387756
  3.12558135   5.66277538  -3.49880528   0.45387756
  3.19999995   5.45652485  -3.68049936   0.45387756
  3.27441856   5.12938004  -3.72930757   0.45387756
  3.34883716   4.86593730  -3.60289032   0.45387756
  3.42325576   4.76368104  -3.41731648   0.45387756
  3.49767437   4.81668558  -3.30037991   0.45387756
  3.57209297   4.91455782  -3.36030857   0.45387756
  3.64651157   4.87329932  -3.53761281   0.45387756
  3.72093018   4.70690281  -3.62540935   0.45387756
  3.79534878   4.61298334  -3.62875693   0.45387756
  3.86976738   4.55875200  -3.73877779   0.45387756
  3.94418599   4.33684169  -3.88571165   0.45387756
  4.01860459   4.03330619  -3.83124277   0.45387756
  4.09302319   3.90886396  -3.64880697   0.45387756
  4.16744180   3.91630441  -3.60005422   0.45387756
  4.24186040   3.80468631  -3.65984438   0.45387756
  4.31627901   3.58085741  -3.58089286   0.45387756
  4.39069761   3.49874581  -3.34043626   0.45387756
  4.46511621   3.62875486  -3.19118126   0.45387756
  4.53953482   3.74717939  -3.25302774   0.45387756
  4.61395342   3.70996886  -3.35897057   0.45387756
  4.68837202   3.61870262  -3.38083881   0.45387756
  4.76279063   3.55123745  -3.36433068   0.45387756
  4.83720923   3.50276616  -3.31493191   0.45387756
  4.91162783   3.55655477  -3.25260010   0.45387756
  4.98604644   3.69471657  -3.36157535   0.45387756
  5.06046504   3.63838152  -3.66998683   0.45387756
  5.13488364   3.26675090  -3.84640940   0.45387756
  5.20930225   2.88951445  -3.65819396   0.45387756
  5.28372085   2.82226759  -3.31805806   0.45387756
  5.35813946   2.98585903  -3.15762285   0.45387756
  5.43255806   3.10093196  -3.21102051   0.45387756
  5.50697666   3.08038382  -3.28420915   0.45387756
  5.58139527   3.04562419  -3.29947428   0.45387756
  5.65581387   3.03096246  -3.34488021   0.45387756
  5.73023247   2.94443536  -3.41025550   0.45387756
  5.80465108   2.82357976  -3.37965001   0.45387756
  5.87906968   2.81382923  -3.29644121   0.45387756
  5.95348828   2.88933067  -3.33181449   0.45387756
  6.02790689   2.87004784  -3.50147022   0.45387756
  6.10232549   2.68703669  -3.65162043   0.45387756
  6.17674409   2.42648127  -3.67901581   0.45387756
  6.25116270   2.17672822  -3.58346568   0.45387756
  6.32558130   2.00154158  -3.38913998   0.45387756
  6.39999990   1.95305356  -3.17534475   0.45387756
  6.47441851   1.96776897  -3.03861263   0.45387756
  6.54883711   1.94780673  -2.91886618   0.45387756
  6.62325572   1.99043799  -2.73105717   0.45387756
  6.69767432   2.18985183  -2.63723983   0.45387756
  6.77209292   2.32883854  -2.77028651   0.45387756
  6.84651153   2.22842430  -2.89088614   0.45387756
  6.92093013   2.12414147  -2.78833213   0.45387756
  6.99534873   2.24661251  -2.68799725   0.45387756
  7.06976734   2.38265109  -2.84783723   0.45387756
  7.14418594   2.23063767  -3.08469483   0.45387756
  7.21860454   1.90990056  -3.05352434   0.45387756
  7.29302315   1.77769894  -2.78120954   0.45387756
  7.36744175   1.90022427  -2.58459922   0.45387756
  7.44186035   2.05065355  -2.58948897   0.45387756
  7.51627896   2.09853589  -2.68441844   0.45387756
  7.59069756   2.04631717  -2.79032013   0.45387756
  7.66511616   1.88085416  -2.83349132   0.45387756
  7.73953477   1.70282824  -2.69067648   0.45387756
  7.81395337   1.73850421  -2.43366249   0.45387756
  7.88837198   1.99791080  -2.35853293   0.45387756
  7.96279058   2.17356896  -2.59280538   0.45387756
  8.03720918   2.02043398  -2.89021192   0.45387756
  8.11162779   1.66383074  -2.93344225   0.45387756
  8.18604639   1.41892295  -2.71196565   0.45387756
  8.26046499   1.39236074  -2.47645588   0.45387756
  8.33488360   1.41160793  -2.36433100   0.45387756
  8.40930220   1.35158555  -2.24911958   0.45387756
  8.48372080   1.32869648  -2.01732459   0.45387756
  8.55813941   1.46364674  -1.77886401   0.45387756
  8.63255801   1.67203275  -1.65822070   0.45387756
  8.70697661   1.85324951  -1.59704740   0.45387756
  8.78139522   2.07238683  -1.52853838   0.45387756
  8.85581382   2.40073716  -1.55103424   0.45387756
  8.93023243   2.73618199  -1.79550529   0.45387756
  9.00465103   2.88460590  -2.23219476   0.45387756
  9.07906963   2.75469980  -2.67796359   0.45387756
  9.15348824   2.42603705  -2.96255648   0.45387756
  9.22790684   2.03747026  -3.04262055   0.45387756
  9.30232544   1.67217477  -2.94255143   0.45387756
  9.37674405   1.39970101  -2.66719089   0.45387756
  9.45116265   1.34690986  -2.27361659   0.45387756
  9.52558125   1.56882300  -1.97167540   0.45387756
  9.59999986   1.86793026  -1.94267298   0.45387756
  9.67441846   2.00370549  -2.05364243   0.45387756
  9.74883706   2.07526810  -2.07947584   0.45387756
  9.82325567   2.27926581  -2.15864426   0.45387756
  9.89767427   2.39837528  -2.51152252   0.45387756
  9.97209287   2.12894640  -2.87746003   0.45387756
 10.04651148   1.69011938  -2.86509680   0.45387756
 10.12093008   1.49645917  -2.58226712   0.45387756
 10.19534869   1.55845485  -2.37336119   0.45387756
 10.26976729   1.66785971  -2.31203006   0.45387756
 10.34418589   1.76699807  -2.33253967   0.45387756
 10.41860450   1.82791080  -2.45203237   0.45387756
 10.49302310   1.74744209  -2.62345519   0.45387756
 10.56744170   1.52954405  -2.69678061   0.45387756
 10.64186031   1.30498981  -2.61545895   0.45387756
 10.71627891   1.15503430  -2.44137501   0.45387756
 10.79069751   1.08017692  -2.22128146   0.45387756
 10.86511612   1.09525621  -1.95460223   0.45387756
 10.93953472   1.27202174  -1.67542933   0.45387756
 11.01395332   1.64780872  -1.53731897   0.45387756
 11.08837193   2.05844715  -1.71767120   0.45387756
 11.16279053   2.20036209  -2.14733223   0.45387756
 11.23720913   1.98663124  -2.48820067   0.45387756
 11.31162774   1.68733607  -2.52291850   0.45387756
 11.38604634   1.56673874  -2.41023791   0.45387756
 11.46046495   1.54632687  -2.38990313   0.45387756
 11.53488355   1.42095954  -2.40451592   0.45387756
 11.60930215   1.25127842  -2.24214863   0.45387756
 11.68372076   1.29348803  -1.93111932   0.45387756
 11.75813936   1.61474221  -1.75380942   0.45387756
 11.83255796   1.98361033  -1.90075642   0.45387756
 11.90697657   2.13453248  -2.27685670   0.45387756
 11.98139517   1.99898343  -2.64818869   0.45387756
 12.05581377   1.68152506  -2.84047056   0.45387756
 12.13023238   1.35613868  -2.80397431   0.45387756
 12.20465098   1.17035598  -2.62964676   0.45387756
 12.27906958   1.12872821  -2.47550857   0.45387756
 12.35348819   1.11768709  -2.39549812   0.45387756
 12.42790679   1.08814820  -2.31812837   0.45387756
 12.50232540   1.10682399  -2.22032040   0.45387756
 12.57674400   1.18727136  -2.19781317   0.45387756
 12.65116260   1.19660528  -2.28714814   0.45387756
 12.72558121   1.04990959  -2.33561377   0.45387756
 12.79999981   0.88841979  -2.20432928   0.45387756
 12.87441841   0.88790707  -1.99189652   0.45387756
 12.94883702   1.01037038  -1.87750955   0.45387756
 13.02325562   1.10908236  -1.88345446   0.45387756
 13.09767422   1.11231296  -1.92250336   0.45387756
 13.17209283   1.02644869  -1.88394280   0.45387756
 13.24651143   0.98737685  -1.66599516   0.45387756
 13.32093003   1.23580085  -1.39354820   0.45387756
 13.39534864   1.72552201  -1.45307612   0.45387756
 13.46976724   1.97138761  -1.95231137   0.45387756
 13.54418584   1.67503940  -2.40647836   0.45387756
 13.61860445   1.21089558  -2.35831234   0.45387756
 13.69302305   1.10661122  -2.00088198   0.45387756
 13.76744166   1.35853074  -1.82766012   0.45387756
 13.84186026   1.58921615  -1.97812855   0.45387756
 13.91627886   1.59282016  -2.22983845   0.45387756
 13.99069747   1.44595819  -2.39267296   0.45387756
 14.06511607   1.26126534  -2.44910996   0.45387756
 14.13953467   1.07737714  -2.41598157   0.45387756
 14.21395328   0.94274360  -2.29469477   0.45387756
 14.28837188   0.90576977  -2.14339239   0.45387756
 14.36279048   0.93871292  -2.02595852   0.45387756
 14.43720909   1.01161747  -1.94294794   0.45387756
 14.51162769   1.13269678  -1.92335580   0.45387756
 14.58604629   1.23016462  -2.02473606   0.45387756
 14.66046490   1.18074541  -2.17622678   0.45387756
 14.73488350   1.00973579  -2.20187569   0.45387756
 14.80930210   0.91618455  -2.05389649   0.45387756
 14.88372071   1.02810087  -1.92283305   0.45387756
 14.95813931   1.19023920  -2.00689048   0.45387756
 15.03255792   1.15913870  -2.20504881   0.45387756
 15.10697652   0.97590720  -2.26405720   0.45387756
 15.18139512   0.87038564  -2.17672885   0.45387756
 15.25581373   0.87613860  -2.13550481   0.45387756
 15.33023233   0.82705233  -2.18670333   0.45387756
 15.40465093   0.65453391  -2.16925852   0.45387756
 15.47906954   0.52097072  -1.96565603   0.45387756
 15.55348814   0.61099157  -1.71861581   0.45387756
 15.62790674   0.83750064  -1.66561785   0.45387756
 15.70232535   0.95908083  -1.79943636   0.45387756
 15.77674395   0.91089875  -1.93784968   0.45387756
 15.85116255   0.76715583  -1.98682929   0.45387756
 15.92558116   0.58574000  -1.90134685   0.45387756
 15.99999976   0.49301423  -1.63923483   0.45387756
 16.07441837   0.66303834  -1.32839287   0.45387756
 16.14883697   1.05645336  -1.25109320   0.45387756
 16.22325557   1.35677577  -1.51169804   0.45387756
 16.29767418   1.32302204  -1.84471500   0.45387756
 16.37209278   1.11844322  -1.92678871   0.45387756
 16.44651138   1.09092116  -1.81364205   0.45387756
 16.52092999   1.27873439  -1.84393384   0.45387756
 16.59534859   1.37511990  -2.14563566   0.45387756
 16.66976719   1.16651767  -2.48243293   0.45387756
 16.74418580   0.77058804  -2.59285935   0.45387756
 16.81860440   0.41860509  -2.46307601   0.45387756
 16.89302300   0.19986283  -2.22225152   0.45387756
 16.96744161   0.09161175  -1.93728076   0.45387756
 17.04186021   0.11545976  -1.61789151   0.45387756
 17.11627881   0.32305742  -1.35645332   0.45387756
 17.19069742   0.63373401  -1.30435299   0.45387756
 17.26511602   0.83830650  -1.46933243   0.45387756
 17.33953463   0.82645191  -1.66491996   0.45387756
 17.41395323   0.70718687  -1.72589725   0.45387756
 17.48837183   0.63745923  -1.68769998   0.45387756
 17.56279044   0.60890663  -1.66813871   0.45387756
 17.63720904   0.52610964  -1.63963396   0.45387756
 17.71162764   0.44609851  -1.48581802   0.45387756
 17.78604625   0.53761999  -1.26072655   0.45387756
 17.86046485   0.80005665  -1.17561078   0.45387756
 17.93488345   1.03089388  -1.31329718   0.45387756
 18.00930206   1.07810262  -1.54305720   0.45387756
 18.08372066   0.96177195  -1.69350715   0.45387756
 18.15813926   0.81862318  -1.67334052   0.45387756
 18.23255787   0.82862394  -1.55111797   0.45387756
 18.30697647   1.00518734  -1.57061397   0.45387756
 18.38139507   1.06372277  -1.83646123   0.45387756
 18.45581368   0.79953728  -2.05631520   0.45387756
 18.53023228   0.46476968  -1.93106934   0.45387756
 18.60465089   0.41925961  -1.62618996   0.45387756
 18.67906949   0.60435233  -1.50767576   0.45387756
 18.75348809   0.69885763  -1.60776916   0.45387756
 18.82790670   0.61949926  -1.67677037   0.45387756
 18.90232530   0.54575963  -1.62454577   0.45387756
 18.97674390   0.53898721  -1.58257766   0.45387756
 19.05116251   0.47927255  -1.56370762   0.45387756
 19.12558111   0.39671079  -1.41710013   0.45387756
 19.19999971   0.50327565  -1.17824877   0.45387756
 19.27441832   0.81628666  -1.11360894   0.45387756
 19.34883692   1.06787614  -1.33899531   0.45387756
 19.42325552   1.04498024  -1.66209934   0.45387756
 19.49767413   0.80788554  -1.82698916   0.45387756
 19.57209273   0.57824106  -1.75977423   0.45387756
 19.64651134   0.51413502  -1.59234782   0.45387756
 19.72092994   0.58126906  -1.49876929   0.45387756
 19.79534854   0.63760665  -1.50967544   0.45387756
 19.86976715   0.63148272  -1.52488931   0.45387756
 19.94418575   0.64025480  -1.49791561   0.45387756
 20.01860435   0.70804579  -1.50496452   0.45387756
 20.09302296   0.76073468  -1.60764670   0.45387756
 20.16744156   0.70985831  -1.76394050   0.45387756
 20.24186016   0.52670354  -1.88305177   0.45387756
 20.31627877   0.24851419  -1.85383304   0.45387756
 20.39069737   0.03142438  -1.60516387   0.45387756
 20.46511597   0.06956330  -1.26429296   0.45387756
 20.53953458   0.33554860  -1.10880129   0.45387756
 20.61395318   0.54237155  -1.24471932   0.45387756
 20.68837178   0.46291480  -1.45208729   0.45387756
 20.76279039   0.19169105  -1.43152857   0.45387756
 20.83720899   0.02326241  -1.12208819   0.45387756
 20.91162760   0.15968704  -0.71685904   0.45387756
 20.98604620   0.59665366  -0.48165338   0.45387756
 21.06046480   1.13650243  -0.62752029   0.45387756
 21.13488341   1.42509114  -1.15593555   0.45387756
 21.20930201   1.20838089  -1.72180238   0.45387756
 21.28372061   0.66792970  -1.88224426   0.45387756
 21.35813922   0.28765288  -1.58266157   0.45387756
 21.43255782   0.31837245  -1.19853573   0.45387756
 21.50697642   0.57335353  -1.06230774   0.45387756
 21.58139503   0.75960426  -1.17115336   0.45387756
 21.65581363   0.75381175  -1.35148300   0.45387756
 21.73023223   0.57878262  -1.42346666   0.45387756
 21.80465084   0.40954476  -1.26212754   0.45387756
 21.87906944   0.49062835  -0.98674434   0.45387756
 21.95348804   0.79402954  -0.90756556   0.45387756
 22.02790665   1.01571500  -1.09206726   0.45387756
 22.10232525   1.02960016  -1.30540231   0.45387756
 22.17674386   0.97890858  -1.42407451   0.45387756
 22.25116246   0.93693893  -1.52487212   0.45387756
 22.32558106   0.84731281  -1.62516172   0.45387756
 22.39999967   0.71767813  -1.65916350   0.45387756
 22.47441827   0.62099610  -1.62173878   0.45387756
 22.54883687   0.59460917  -1.57023052   0.45387756
 22.62325548   0.62099152  -1.56962337   0.45387756
 22.69767408   0.63099334  -1.65630613   0.45387756
 22.77209268   0.53873103  -1.79353101   0.45387756
 22.84651129   0.31267436  -1.87976071   0.45387756
 22.92092989   0.00754200  -1.80882530   0.45387756
 22.99534849  -0.24390878  -1.52818459   0.45387756
 23.06976710  -0.27151746  -1.10737987   0.45387756
 23.14418570  -0.00541334  -0.77255015   0.45387756
 23.21860431   0.37252863  -0.73889474   0.45387756
 23.29302291   0.57415877  -0.94136993   0.45387756
 23.36744151   0.54753387  -1.12230924   0.45387756
 23.44186012   0.44668721  -1.17647001   0.45387756
 23.51627872   0.34811507  -1.14258020   0.45387756
 23.59069732   0.28715307  -1.01223826   0.45387756
 23.66511593   0.36658580  -0.83040288   0.45387756
 23.73953453   0.58764868  -0.75950503   0.45387756
 23.81395313   0.78805234  -0.86975728   0.45387756
 23.88837174   0.84760255  -1.05426253   0.45387756
 23.96279034   0.79371384  -1.18995388   0.45387756
 24.03720894   0.70572062  -1.23806120   0.45387756
 24.11162755   0.65505170  -1.20989363   0.45387756
 24.18604615   0.69960915  -1.17776912   0.45387756
 24.26046475   0.78891004  -1.25743361   0.45387756
 24.33488336   0.77032652  -1.43827485   0.45387756
 24.40930196   0.60377363  -1.56662081   0.45387756
 24.48372057   0.39848124  -1.56178763   0.45387756
 24.55813917   0.23976960  -1.45779284   0.45387756
 24.63255777   0.16216036  -1.30387294   0.45387756
 24.70697638   0.16537602  -1.16644175   0.45387756
 24.78139498   0.18181268  -1.07046811   0.45387756
 24.85581358   0.19236311  -0.94372825   0.45387756
 24.93023219   0.30082826  -0.77243980   0.45387756
 25.00465079   0.55555971  -0.70374774   0.45387756
 25.07906939   0.79534958  -0.86779597   0.45387756
 25.15348800   0.79307480  -1.14732224   0.45387756
 25.22790660   0.57008560  -1.24631497   0.45387756
 25.30232520   0.43871659  -1.06757392   0.45387756
 25.37674381   0.60933439  -0.88615185   0.45387756
 25.45116241   0.88859063  -1.00300009   0.45387756
 25.52558101   0.92037199  -1.33838510   0.45387756
 25.59999962   0.65963181  -1.52734093   0.45387756
 25.67441822   0.43439681  -1.41775913   0.45387756
 25.74883683   0.46370512  -1.27231912   0.45387756
 25.82325543   0.55677324  -1.33458898   0.45387756
 25.89767403   0.47678226  -1.48384308   0.45387756
 25.97209264   0.27205223  -1.51727823   0.45387756
 26.04651124   0.07484383  -1.41304851   0.45387756
 26.12092984  -0.05195263  -1.19448951   0.45387756
 26.19534845  -0.01375854  -0.90550615   0.45387756
 26.26976705   0.22321093  -0.71428103   0.45387756
 26.34418565   0.49781845  -0.74372707   0.45387756
 26.41860426   0.64877529  -0.90298426   0.45387756
 26.49302286   0.69780438  -1.06811437   0.45387756
 26.56744146   0.69341199  -1.25427972   0.45387756
 26.64186007   0.55725620  -1.47004752   0.45387756
 26.71627867   0.23369523  -1.56018130   0.45387756
 26.79069728  -0.10955624  -1.34787869   0.45387756
 26.86511588  -0.17211942  -0.90746453   0.45387756
 26.93953448   0.14261041  -0.58330239   0.45387756
 27.01395309   0.56199912  -0.63716522   0.45387756
 27.08837169   0.75129996  -0.94763600   0.45387756
 27.16279029   0.68954167  -1.23349178   0.45387756
 27.23720890   0.51910574  -1.42576370   0.45387756
 27.31162750   0.23481254  -1.53435392   0.45387756
 27.38604610  -0.13042090  -1.40607581   0.45387756
 27.46046471  -0.29292071  -1.00530692   0.45387756
 27.53488331  -0.08631531  -0.65586792   0.45387756
 27.60930191   0.22525550  -0.63772730   0.45387756
 27.68372052   0.31806061  -0.79654068   0.45387756
 27.75813912   0.25137071  -0.83210492   0.45387756
 27.83255772   0.27623715  -0.75910418   0.45387756
 27.90697633   0.37738930  -0.79661644   0.45387756
 27.98139493   0.33186470  -0.91172866   0.45387756
 28.05581354   0.17935838  -0.84681115   0.45387756
 28.13023214   0.22646126  -0.61907990   0.45387756
 28.20465074   0.51723062  -0.57744967   0.45387756
 28.27906935   0.69195922  -0.86439702   0.45387756
 28.35348795   0.49287008  -1.16469407   0.45387756
 28.42790655   0.12782916  -1.12833541   0.45387756
 28.50232516  -0.02801132  -0.81627238   0.45387756
 28.57674376   0.09835049  -0.54090128   0.45387756
 28.65116236   0.32325115  -0.43868664   0.45387756
 28.72558097   0.54630347  -0.46183813   0.45387756
 28.79999957   0.73711286  -0.62670030   0.45387756
 28.87441817   0.73970697  -0.91719857   0.45387756
 28.94883678   0.47600627  -1.08055866   0.45387756
 29.02325538   0.21098927  -0.91558104   0.45387756
 29.09767399   0.23481061  -0.61343507   0.45387756
 29.17209259   0.47898820  -0.47137138   0.45387756
 29.24651119   0.73235547  -0.53272650   0.45387756
 29.32092980   0.90578162  -0.73216087   0.45387756
 29.39534840   0.92429356  -1.02006287   0.45387756
 29.46976700   0.74533620  -1.24712425   0.45387756
 29.54418561   0.51199945  -1.29174563   0.45387756
 29.61860421   0.36137748  -1.25307108   0.45387756
 29.69302281   0.21052234  -1.22634999   0.45387756
 29.76744142   0.00446184  -1.08584150   0.45387756
 29.84186002  -0.06329433  -0.75386354   0.45387756
 29.91627862   0.17846733  -0.44057580   0.45387756
 29.99069723   0.61192058  -0.42011254   0.45387756
 30.06511583   0.94310003  -0.76471612   0.45387756
 30.13953443   0.89570072  -1.30245463   0.45387756
 30.21395304   0.39880194  -1.64779327   0.45387756
 30.28837164  -0.21426261  -1.46287727   0.45387756
 30.36279025  -0.43411591  -0.88664853   0.45387756
 30.43720885  -0.15985266  -0.43101431   0.45387756
 30.51162745   0.24934316  -0.36269236   0.45387756
 30.58604606   0.51089167  -0.53941695   0.45387756
 30.66046466   0.60190654  -0.80626083   0.45387756
 30.73488326   0.48708151  -1.10497420   0.45387756
 30.80930187   0.12991623  -1.25562863   0.45387756
 30.88372047  -0.26487076  -1.07081478   0.45387756
 30.95813907  -0.40461536  -0.66202290   0.45387756
 31.03255768  -0.26274969  -0.31650871   0.45387756
 31.10697628  -0.02252614  -0.15191180   0.45387756
 31.18139488   0.20007256  -0.11424983   0.45387756
 31.25581349   0.37880536  -0.15584236   0.45387756
 31.33023209   0.49184646  -0.24097636   0.45387756
 31.40465069   0.54787616  -0.32438418   0.45387756
 31.47906930   0.57109294  -0.40042706   0.45387756
 31.55348790   0.54588551  -0.46306004   0.45387756
 31.62790651   0.48393214  -0.45200941   0.45387756
 31.70232511   0.48544965  -0.34971061   0.45387756
 31.77674371   0.61956280  -0.27008219   0.45387756
 31.85116232   0.78793794  -0.33381536   0.45387756
 31.92558092   0.83460242  -0.47243031   0.45387756
 31.99999952   0.80433756  -0.50936139   0.45387756
 32.07441813   0.89661760  -0.47756108   0.45387756
 32.14883673   1.09688213  -0.61300082   0.45387756
 32.22325533   1.13481232  -0.95048439   0.45387756
 32.29767394   0.89818866  -1.22260167   0.45387756
 32.37209254   0.59750375  -1.25166118   0.45387756
 32.44651114   0.42087835  -1.16713369   0.45387756
 32.52092975   0.28696805  -1.11295464   0.45387756
 32.59534835   0.10063324  -0.99334565   0.45387756
 32.66976696   0.00457985  -0.71442620   0.45387756
 32.74418556   0.13945640  -0.43622924   0.45387756
 32.81860416   0.38918812  -0.34009138   0.45387756
 32.89302277   0.59339706  -0.38212749   0.45387756
 32.96744137   0.76478837  -0.48404140   0.45387756
 33.04185997   0.90176507  -0.70886177   0.45387756
 33.11627858   0.83975133  -1.05235840   0.45387756
 33.19069718   0.48612523  -1.28007999   0.45387756
 33.26511578   0.04195108  -1.15746272   0.45387756
 33.33953439  -0.16494171  -0.74683472   0.45387756
 33.41395299  -0.02591460  -0.35696233   0.45387756
 33.48837159   0.26819811  -0.20342126   0.45387756
 33.56279020   0.50940706  -0.23405023   0.45387756
 33.63720880   0.67276615  -0.33600628   0.45387756
 33.71162740   0.76530766  -0.49653996   0.45387756
 33.78604601   0.73755071  -0.67324060   0.45387756
 33.86046461   0.61125540  -0.77409477   0.45387756
 33.93488322   0.45180706  -0.76951951   0.45387756
 34.00930182   0.31161761  -0.62835259   0.45387756
 34.08372042   0.34501797  -0.35615642   0.45387756
 34.15813903   0.66398670  -0.19593516   0.45387756
 34.23255763   1.01816169  -0.40789628   0.45387756
 34.30697623   1.03023720  -0.82266155   0.45387756
 34.38139484   0.73948889  -1.02732723   0.45387756
 34.45581344   0.50473135  -0.94640920   0.45387756
 34.53023204   0.45096680  -0.83456714   0.45387756
 34.60465065   0.41810868  -0.79664500   0.45387756
 34.67906925   0.35319109  -0.71917955   0.45387756
 34.75348785   0.36676711  -0.58618623   0.45387756
 34.82790646   0.47412167  -0.51575978   0.45387756
 34.90232506   0.57078842  -0.54796920   0.45387756
 34.97674366   0.59203993  -0.62464663   0.45387756
 35.05116227   0.52321848  -0.67918573   0.45387756
 35.12558087   0.39483402  -0.61370706   0.45387756
 35.19999948   0.37200284  -0.37857400   0.45387756
 35.27441808   0.61410461  -0.15546773   0.45387756
 35.34883668   0.99586644  -0.19863448   0.45387756
 35.42325529   1.23969310  -0.49268587   0.45387756
 35.49767389   1.26104293  -0.83239384   0.45387756
 35.57209249   1.13567303  -1.10747697   0.45387756
 35.64651110   0.91487407  -1.28474706   0.45387756
 35.72092970   0.66699879  -1.32368530   0.45387756
 35.79534830   0.49339543  -1.26515963   0.45387756
 35.86976691   0.39328430  -1.22169491   0.45387756
 35.94418551   0.26459286  -1.21643630   0.45387756
 36.01860411   0.05927877  -1.15607388   0.45387756
 36.09302272  -0.15706458  -0.94128987   0.45387756
 36.16744132  -0.22479937  -0.54896231   0.45387756
 36.24185993   0.03362865  -0.14866596   0.45387756
 36.31627853   0.53512599  -0.08025189   0.45387756
 36.39069713   0.85080427  -0.42666664   0.45387756
 36.46511574   0.72301280  -0.78473728   0.45387756
 36.53953434   0.43714704  -0.78402442   0.45387756
 36.61395294   0.38822518  -0.55817059   0.45387756
 36.68837155   0.57881638  -0.45626126   0.45387756
 36.76279015   0.74300707  -0.57959672   0.45387756
 36.83720875   0.72096550  -0.75571946   0.45387756
 36.91162736   0.59894409  -0.80261048   0.45387756
 36.98604596   0.55189240  -0.73910805   0.45387756
 37.06046456   0.60469210  -0.71409812   0.45387756
 37.13488317   0.64416569  -0.77486052   0.45387756
 37.20930177   0.61753449  -0.84862597   0.45387756
 37.28372037   0.55695416  -0.89314406   0.45387756
 37.35813898   0.47876491  -0.91028073   0.45387756
 37.43255758   0.38733144  -0.88508454   0.45387756
 37.50697619   0.31311055  -0.80059445   0.45387756
 37.58139479   0.30544320  -0.66803111   0.45387756
 37.65581339   0.40620081  -0.55143058   0.45387756
 37.73023200   0.57432829  -0.55550616   0.45387756
 37.80465060   0.66409098  -0.69616282   0.45387756
 37.87906920   0.59177418  -0.82723387   0.45387756
 37.95348781   0.46475214  -0.81234880   0.45387756
 38.02790641   0.43976172  -0.69552512   0.45387756
 38.10232501   0.54061298  -0.61382402   0.45387756
 38.17674362   0.68939410  -0.63873316   0.45387756
 38.25116222   0.81420381  -0.77590968   0.45387756
 38.32558082   0.83637177  -1.01592353   0.45387756
 38.39999943   0.65521110  -1.26109905   0.45387756
 38.47441803   0.31012528  -1.30198693   0.45387756
 38.54883663   0.06041704  -1.06240079   0.45387756
 38.62325524   0.09835333  -0.76352977   0.45387756
 38.69767384   0.31091273  -0.65445540   0.45387756
 38.77209245   0.47948610  -0.74996456   0.45387756
 38.84651105   0.49155907  -0.93572569   0.45387756
 38.92092965   0.32066238  -1.05548465   0.45387756
 38.99534826   0.11606242  -0.93953637   0.45387756
 39.06976686   0.17718410  -0.69194920   0.45387756
 39.14418546   0.48069770  -0.72391583   0.45387756
 39.21860407   0.53461540  -1.13727398   0.45387756
 39.29302267   0.06759281  -1.42364605   0.45387756
 39.36744127  -0.49827233  -1.13204003   0.45387756
 39.44185988  -0.59011383  -0.49013660   0.45387756
 39.51627848  -0.18618349  -0.07196986   0.45387756
 39.59069708   0.26629970  -0.11135013   0.45387756
 39.66511569   0.43200868  -0.35238308   0.45387756
 39.73953429   0.40389091  -0.47333886   0.45387756
 39.81395290   0.43403613  -0.48983176   0.45387756
 39.88837150   0.50861690  -0.59659311   0.45387756
 39.96279010   0.45275901  -0.75724651   0.45387756
 40.03720871   0.31009058  -0.80232666   0.45387756
 40.11162731   0.22500139  -0.76750668   0.45387756
 40.18604591   0.15995664  -0.74380006   0.45387756
 40.26046452   0.08488241  -0.66375561   0.45387756
 40.33488312   0.12174146  -0.53648888   0.45387756
 40.40930172   0.26417216  -0.54442979   0.45387756
 40.48372033   0.28819861  -0.73269784   0.45387756
 40.55813893   0.05865934  -0.88333859   0.45387756
 40.63255753  -0.28297953  -0.76875548   0.45387756
 40.70697614  -0.47270074  -0.39163893   0.45387756
 40.78139474  -0.37000620   0.04956066   0.45387756
 40.85581334  -0.01860354   0.35177650   0.45387756
 40.93023195   0.44747095   0.39539728   0.45387756
 41.00465055   0.83329998   0.14447446   0.45387756
 41.07906916   0.92727800  -0.25819873   0.45387756
 41.15348776   0.73710839  -0.50856054   0.45387756
 41.22790636   0.55308522  -0.48132085   0.45387756
 41.30232497   0.57301578  -0.38636746   0.45387756
 41.37674357   0.68240844  -0.42995892   0.45387756
 41.45116217   0.70435560  -0.58492680   0.45387756
 41.52558078   0.58366667  -0.72341046   0.45387756
 41.59999938   0.37884833  -0.71026632   0.45387756
 41.67441798   0.29062099  -0.51143071   0.45387756
 41.74883659   0.45906472  -0.36213962   0.45387756
 41.82325519   0.65185201  -0.50312168   0.45387756
 41.89767379   0.54769192  -0.73681044   0.45387756
 41.97209240   0.28499675  -0.68678501   0.45387756
 42.04651100   0.26692972  -0.41027225   0.45387756
 42.12092960   0.53695258  -0.29933509   0.45387756
 42.19534821   0.76610373  -0.50228143   0.45387756
 42.26976681   0.73115115  -0.80877884   0.45387756
 42.34418542   0.49324947  -0.99084563   0.45387756
 42.41860402   0.19699100  -0.98511293   0.45387756
 42.49302262  -0.05469205  -0.79313404   0.45387756
 42.56744123  -0.13107737  -0.44720007   0.45387756
 42.64185983   0.08184910  -0.12580304   0.45387756
 42.71627843   0.47104233  -0.08582768   0.45387756
 42.79069704   0.71441756  -0.35570384   0.45387756
 42.86511564   0.64371919  -0.64666921   0.45387756
 42.93953424   0.45896653  -0.71597374   0.45387756
 43.01395285   0.40505481  -0.69044925   0.45387756
 43.08837145   0.36904444  -0.79272672   0.45387756
 43.16279005   0.11612681  -0.87912338   0.45387756
 43.23720866  -0.19091545  -0.64883936   0.45387756
 43.31162726  -0.16747965  -0.22361857   0.45387756
 43.38604587   0.16628756  -0.02784683   0.45387756
 43.46046447   0.43029739  -0.15588846   0.45387756
 43.53488307   0.46355075  -0.34723673   0.45387756
 43.60930168   0.38078175  -0.45764407   0.45387756
 43.68372028   0.23283525  -0.48960763   0.45387756
 43.75813888   0.05470514  -0.36635706   0.45387756
 43.83255749   0.02762506  -0.08095775   0.45387756
 43.90697609   0.24554023   0.14842845   0.45387756
 43.98139469   0.52745716   0.15044828   0.45387756
 44.05581330   0.67409641   0.02884829   0.45387756
 44.13023190   0.71748579  -0.03825598   0.45387756
 44.20465050   0.79479699  -0.03591139   0.45387756
 44.27906911   0.95704672  -0.05989711   0.45387756
 44.35348771   1.16205799  -0.19918966   0.45387756
 44.42790631   1.30208493  -0.49460889   0.45387756
 44.50232492   1.24407825  -0.87900928   0.45387756
 44.57674352   0.94796517  -1.17705806   0.45387756
 44.65116213   0.53596496  -1.22769707   0.45387756
 44.72558073   0.22820397  -1.02508625   0.45387756
 44.79999933   0.15665321  -0.75485298   0.45387756
 44.87441794   0.22626672  -0.60463284   0.45387756
 44.94883654   0.27201558  -0.56122087   0.45387756
 45.02325514   0.26571639  -0.51866054   0.45387756
 45.09767375   0.25481917  -0.43096526   0.45387756
 45.17209235   0.30666366  -0.28505429   0.45387756
 45.24651095   0.52066241  -0.16746459   0.45387756
 45.32092956   0.83145232  -0.28964314   0.45387756
 45.39534816   0.93355404  -0.67647644   0.45387756
 45.46976676   0.66310562  -1.00546414   0.45387756
 45.54418537   0.25940891  -0.99112054   0.45387756
 45.61860397   0.04695020  -0.72913071   0.45387756
 45.69302257   0.05459396  -0.48726947   0.45387756
 45.76744118   0.11607424  -0.33828916   0.45387756
 45.84185978   0.19453217  -0.18754482   0.45387756
 45.91627839   0.38203378  -0.05768307   0.45387756
 45.99069699   0.63145069  -0.08469141   0.45387756
 46.06511559   0.77048947  -0.24352896   0.45387756
 46.13953420   0.79110796  -0.36314830   0.45387756
 46.21395280   0.84532901  -0.42775405   0.45387756
 46.28837140   0.93690089  -0.59313949   0.45387756
 46.36279001   0.87283639  -0.87248224   0.45387756
 46.43720861   0.57972492  -1.03944049   0.45387756
 46.51162721   0.26264402  -0.93108723   0.45387756
 46.58604582   0.14149492  -0.66502305   0.45387756
 46.66046442   0.20486410  -0.43482862   0.45387756
 46.73488302   0.36240888  -0.27926623   0.45387756
 46.80930163   0.62639793  -0.22319265   0.45387756
 46.88372023   0.92455424  -0.41057308   0.45387756
 46.95813884   0.97586117  -0.82876535   0.45387756
 47.03255744   0.65436594  -1.13535013   0.45387756
 47.10697604   0.25364095  -1.06293166   0.45387756
 47.18139465   0.11212581  -0.77706132   0.45387756
 47.25581325   0.20020087  -0.59240395   0.45387756
 47.33023185   0.28833012  -0.56157904   0.45387756
 47.40465046   0.31049674  -0.54165055   0.45387756
 47.47906906   0.36291360  -0.49224447   0.45387756
 47.55348766   0.46243432  -0.50214710   0.45387756
 47.62790627   0.51808925  -0.58403686   0.45387756
 47.70232487   0.51777992  -0.66027306   0.45387756
 47.77674347   0.51450682  -0.74350136   0.45387756
 47.85116208   0.43752953  -0.88096034   0.45387756
 47.92558068   0.19709920  -0.93421290   0.45387756
 47.99999928  -0.03446717  -0.72217050   0.45387756
 48.07441789   0.02862051  -0.38514658   0.45387756
 48.14883649   0.33880713  -0.27584380   0.45387756
 48.22325510   0.54636801  -0.45736014   0.45387756
 48.29767370   0.51225097  -0.64178144   0.45387756
 48.37209230   0.45112124  -0.67282285   0.45387756
 48.44651091   0.50125399  -0.72766244   0.45387756
 48.52092951   0.47957518  -0.94304187   0.45387756
 48.59534811   0.20021432  -1.12629309   0.45387756
 48.66976672  -0.18275015  -1.00909388   0.45387756
 48.74418532  -0.34326674  -0.64470922   0.45387756
 48.81860392  -0.21444441  -0.34327048   0.45387756
 48.89302253  -0.02204718  -0.24369387   0.45387756
 48.96744113   0.10684309  -0.21528711   0.45387756
 49.04185973   0.26018112  -0.20093800   0.45387756
 49.11627834   0.43150920  -0.31634463   0.45387756
 49.19069694   0.44351441  -0.54820636   0.45387756
 49.26511554   0.26040578  -0.67959443   0.45387756
 49.33953415   0.08882189  -0.61391999   0.45387756
 49.41395275   0.05152897  -0.51691713   0.45387756
 49.48837136   0.00956015  -0.49269667   0.45387756
 49.56278996  -0.10793344  -0.38606712   0.45387756
 49.63720856  -0.09851238  -0.13355191   0.45387756
 49.71162717   0.13460894   0.02540401   0.45387756
 49.78604577   0.36122937  -0.05916560   0.45387756
 49.86046437   0.39369831  -0.21920703   0.45387756
 49.93488298   0.30237488  -0.26871947   0.45387756
 50.00930158   0.22472362  -0.16646329   0.45387756
