# xData, xFit, Data0, yFit0
 0.00000000e+00,  0.00000000e+00, -1.26272745e-01,  6.22690292e-31
 1.00000000e-01,  9.77517107e-03, -4.69522065e-02,  7.85553196e-31
 2.00000000e-01,  1.95503421e-02,  1.64418509e-01,  9.90637249e-31
 3.00000000e-01,  2.93255132e-02,  2.47630711e-02,  1.24878956e-30
 4.00000000e-01,  3.91006843e-02,  1.17478084e-01,  1.57361835e-30
 5.00000000e-01,  4.88758553e-02,  7.36739528e-02,  1.98218924e-30
 6.00000000e-01,  5.86510264e-02, -8.12519227e-02,  2.49589533e-30
 7.00000000e-01,  6.84261975e-02,  6.91864495e-02,  3.14154417e-30
 8.00000000e-01,  7.82013685e-02, -4.04170596e-02,  3.95271520e-30
 9.00000000e-01,  8.79765396e-02, -4.11566877e-02,  4.97145400e-30
 1.00000000e+00,  9.77517107e-02,  1.24045285e-02,  6.25038656e-30
 1.10000000e+00,  1.07526882e-01, -1.94802610e-01,  7.85535613e-30
 1.20000000e+00,  1.17302053e-01,  1.52193749e-01,  9.86871097e-30
 1.30000000e+00,  1.27077224e-01, -8.56723345e-02,  1.23934018e-29
 1.40000000e+00,  1.36852395e-01,  1.27695924e-01,  1.55580865e-29
 1.50000000e+00,  1.46627566e-01,  1.74029632e-02,  1.95234867e-29
 1.60000000e+00,  1.56402737e-01,  1.95581687e-01,  2.44903015e-29
 1.70000000e+00,  1.66177908e-01, -8.42527049e-02,  3.07090535e-29
 1.80000000e+00,  1.75953079e-01, -3.98042083e-02,  3.84923371e-29
 1.90000000e+00,  1.85728250e-01,  4.31201234e-02,  4.82300463e-29
 2.00000000e+00,  1.95503421e-01, -2.81809137e-01,  6.04083019e-29
 2.10000000e+00,  2.05278592e-01,  1.05693718e-01,  7.56329650e-29
 2.20000000e+00,  2.15053763e-01,  1.96806894e-01,  9.46588391e-29
 2.30000000e+00,  2.24828935e-01,  1.43849879e-01,  1.18425921e-28
 2.40000000e+00,  2.34604106e-01,  9.63550474e-02,  1.48104386e-28
 2.50000000e+00,  2.44379277e-01, -1.86357610e-02,  1.85150384e-28
 2.60000000e+00,  2.54154448e-01,  1.63649600e-01,  2.31375230e-28
 2.70000000e+00,  2.63929619e-01,  1.37112394e-01,  2.89031156e-28
 2.80000000e+00,  2.73704790e-01,  5.01225858e-02,  3.60917554e-28
 2.90000000e+00,  2.83479961e-01,  6.52929700e-04,  4.50512558e-28
 3.00000000e+00,  2.93255132e-01, -4.61836151e-02,  5.62135932e-28
 3.10000000e+00,  3.03030303e-01, -1.57053008e-01,  7.01150652e-28
 3.20000000e+00,  3.12805474e-01,  1.56543297e-01,  8.74212248e-28
 3.30000000e+00,  3.22580645e-01, -2.77283473e-01,  1.08957714e-27
 3.40000000e+00,  3.32355816e-01, -4.72449987e-02,  1.35748371e-27
 3.50000000e+00,  3.42130987e-01,  2.10087987e-02,  1.69062318e-27
 3.60000000e+00,  3.51906158e-01,  1.09837128e-01,  2.10472114e-27
 3.70000000e+00,  3.61681329e-01,  2.25058622e-01,  2.61925545e-27
 3.80000000e+00,  3.71456500e-01,  1.27208312e-01,  3.25834225e-27
 3.90000000e+00,  3.81231672e-01, -3.62729821e-02,  4.05182884e-27
 4.00000000e+00,  3.91006843e-01,  9.50951615e-02,  5.03664144e-27
 4.10000000e+00,  4.00782014e-01, -1.56386676e-01,  6.25844624e-27
 4.20000000e+00,  4.10557185e-01,  1.92338571e-01,  7.77369627e-27
 4.30000000e+00,  4.20332356e-01, -2.60372637e-04,  9.65215215e-27
 4.40000000e+00,  4.30107527e-01, -4.78677125e-02,  1.19799857e-26
 4.50000000e+00,  4.39882698e-01, -1.06738154e-02,  1.48635994e-26
 4.60000000e+00,  4.49657869e-01,  1.18813744e-01,  1.84343246e-26
 4.70000000e+00,  4.59433040e-01,  1.67183984e-01,  2.28541999e-26
 4.80000000e+00,  4.69208211e-01,  6.50645892e-01,  2.83230723e-26
 4.90000000e+00,  4.78983382e-01,  4.75909382e-01,  3.50873243e-26
 5.00000000e+00,  4.88758553e-01,  8.68018219e-01,  4.34505912e-26
 5.10000000e+00,  4.98533724e-01,  1.26678343e+00,  5.37869203e-26
 5.20000000e+00,  5.08308895e-01,  1.77834262e+00,  6.65569201e-26
 5.30000000e+00,  5.18084066e-01,  2.40270499e+00,  8.23275716e-26
 5.40000000e+00,  5.27859238e-01,  3.04549983e+00,  1.01796523e-25
 5.50000000e+00,  5.37634409e-01,  3.79705290e+00,  1.25821869e-25
 5.60000000e+00,  5.47409580e-01,  4.52500012e+00,  1.55458641e-25
 5.70000000e+00,  5.57184751e-01,  5.14161100e+00,  1.92003504e-25
 5.80000000e+00,  5.66959922e-01,  5.91993631e+00,  2.37049472e-25
 5.90000000e+00,  5.76735093e-01,  6.38235009e+00,  2.92552880e-25
 6.00000000e+00,  5.86510264e-01,  6.31374553e+00,  3.60915317e-25
 6.10000000e+00,  5.96285435e-01,  6.18536945e+00,  4.45083813e-25
 6.20000000e+00,  6.06060606e-01,  5.85191956e+00,  5.48673311e-25
 6.30000000e+00,  6.15835777e-01,  5.27278767e+00,  6.76116322e-25
 6.40000000e+00,  6.25610948e-01,  4.45170845e+00,  8.32845713e-25
 6.50000000e+00,  6.35386119e-01,  4.04580337e+00,  1.02551789e-24
 6.60000000e+00,  6.45161290e-01,  3.16302028e+00,  1.26228515e-24
 6.70000000e+00,  6.54936461e-01,  2.30478337e+00,  1.55312803e-24
 6.80000000e+00,  6.64711632e-01,  1.81267076e+00,  1.91026048e-24
 6.90000000e+00,  6.74486804e-01,  1.20722841e+00,  2.34862389e-24
 7.00000000e+00,  6.84261975e-01,  8.36837506e-01,  2.88648900e-24
 7.10000000e+00,  6.94037146e-01,  6.14057665e-01,  3.54618909e-24
 7.20000000e+00,  7.03812317e-01,  4.79969390e-01,  4.35501265e-24
 7.30000000e+00,  7.13587488e-01,  4.11312283e-01,  5.34628988e-24
 7.40000000e+00,  7.23362659e-01,  3.44170912e-01,  6.56071443e-24
 7.50000000e+00,  7.33137830e-01,  3.91398913e-02,  8.04795086e-24
 7.60000000e+00,  7.42913001e-01, -2.56532584e-02,  9.86858865e-24
 7.70000000e+00,  7.52688172e-01,  3.24302761e-02,  1.20965166e-23
 7.80000000e+00,  7.62463343e-01,  2.61749217e-02,  1.48218071e-23
 7.90000000e+00,  7.72238514e-01, -8.90607391e-02,  1.81542176e-23
 8.00000000e+00,  7.82013685e-01, -7.70695408e-02,  2.22274411e-23
 8.10000000e+00,  7.91788856e-01,  1.04766856e-01,  2.72042619e-23
 8.20000000e+00,  8.01564027e-01,  2.09993908e-01,  3.32828092e-23
 8.30000000e+00,  8.11339198e-01, -2.87531912e-02,  4.07041373e-23
 8.40000000e+00,  8.21114370e-01, -8.26568493e-02,  4.97614106e-23
 8.50000000e+00,  8.30889541e-01, -3.61518142e-02,  6.08110302e-23
 8.60000000e+00,  8.40664712e-01, -1.27031414e-01,  7.42861052e-23
 8.70000000e+00,  8.50439883e-01, -3.48322558e-02,  9.07127570e-23
 8.80000000e+00,  8.60215054e-01,  5.39308545e-02,  1.10729845e-22
 8.90000000e+00,  8.69990225e-01, -1.03840505e-02,  1.35112824e-22
 9.00000000e+00,  8.79765396e-01,  1.57608162e-01,  1.64802576e-22
 9.10000000e+00,  8.89540567e-01,  1.92626257e-02,  2.00940266e-22
 9.20000000e+00,  8.99315738e-01,  6.14204630e-02,  2.44909425e-22
 9.30000000e+00,  9.09090909e-01, -1.89906119e-02,  2.98386778e-22
 9.40000000e+00,  9.18866080e-01,  1.67959897e-01,  3.63403579e-22
 9.50000000e+00,  9.28641251e-01, -1.56046509e-01,  4.42419616e-22
 9.60000000e+00,  9.38416422e-01, -3.87569349e-02,  5.38412457e-22
 9.70000000e+00,  9.48191593e-01, -1.49834892e-01,  6.54985029e-22
 9.80000000e+00,  9.57966764e-01,  1.05483340e-01,  7.96495263e-22
 9.90000000e+00,  9.67741935e-01,  1.08553444e-01,  9.68212245e-22
 1.00000000e+01,  9.77517107e-01, -6.58436799e-02,  1.17650423e-21
 nan,  9.87292278e-01,  nan,  1.42906495e-21
 nan,  9.97067449e-01,  nan,  1.73518582e-21
 nan,  1.00684262e+00,  nan,  2.10608339e-21
 nan,  1.01661779e+00,  nan,  2.55529288e-21
 nan,  1.02639296e+00,  nan,  3.09914115e-21
 nan,  1.03616813e+00,  nan,  3.75731475e-21
 nan,  1.04594330e+00,  nan,  4.55354202e-21
 nan,  1.05571848e+00,  nan,  5.51641169e-21
 nan,  1.06549365e+00,  nan,  6.68035498e-21
 nan,  1.07526882e+00,  nan,  8.08682343e-21
 nan,  1.08504399e+00,  nan,  9.78570074e-21
 nan,  1.09481916e+00,  nan,  1.18369946e-20
 nan,  1.10459433e+00,  nan,  1.43128632e-20
 nan,  1.11436950e+00,  nan,  1.73000412e-20
 nan,  1.12414467e+00,  nan,  2.09027442e-20
 nan,  1.13391984e+00,  nan,  2.52461423e-20
 nan,  1.14369501e+00,  nan,  3.04805145e-20
 nan,  1.15347019e+00,  nan,  3.67862155e-20
 nan,  1.16324536e+00,  nan,  4.43796096e-20
 nan,  1.17302053e+00,  nan,  5.35201590e-20
 nan,  1.18279570e+00,  nan,  6.45188862e-20
 nan,  1.19257087e+00,  nan,  7.77484748e-20
 nan,  1.20234604e+00,  nan,  9.36553183e-20
 nan,  1.21212121e+00,  nan,  1.12773890e-19
 nan,  1.22189638e+00,  nan,  1.35743870e-19
 nan,  1.23167155e+00,  nan,  1.63330556e-19
 nan,  1.24144673e+00,  nan,  1.96449173e-19
 nan,  1.25122190e+00,  nan,  2.36193814e-19
 nan,  1.26099707e+00,  nan,  2.83871887e-19
 nan,  1.27077224e+00,  nan,  3.41045087e-19
 nan,  1.28054741e+00,  nan,  4.09578132e-19
 nan,  1.29032258e+00,  nan,  4.91696678e-19
 nan,  1.30009775e+00,  nan,  5.90056145e-19
 nan,  1.30987292e+00,  nan,  7.07823456e-19
 nan,  1.31964809e+00,  nan,  8.48774087e-19
 nan,  1.32942326e+00,  nan,  1.01740724e-18
 nan,  1.33919844e+00,  nan,  1.21908247e-18
 nan,  1.34897361e+00,  nan,  1.46018169e-18
 nan,  1.35874878e+00,  nan,  1.74830121e-18
 nan,  1.36852395e+00,  nan,  2.09247929e-18
 nan,  1.37829912e+00,  nan,  2.50346561e-18
 nan,  1.38807429e+00,  nan,  2.99404028e-18
 nan,  1.39784946e+00,  nan,  3.57939147e-18
 nan,  1.40762463e+00,  nan,  4.27756196e-18
 nan,  1.41739980e+00,  nan,  5.10997726e-18
 nan,  1.42717498e+00,  nan,  6.10206988e-18
 nan,  1.43695015e+00,  nan,  7.28401674e-18
 nan,  1.44672532e+00,  nan,  8.69161025e-18
 nan,  1.45650049e+00,  nan,  1.03672865e-17
 nan,  1.46627566e+00,  nan,  1.23613388e-17
 nan,  1.47605083e+00,  nan,  1.47333486e-17
 nan,  1.48582600e+00,  nan,  1.75538738e-17
 nan,  1.49560117e+00,  nan,  2.09064373e-17
 nan,  1.50537634e+00,  nan,  2.48898704e-17
 nan,  1.51515152e+00,  nan,  2.96210734e-17
 nan,  1.52492669e+00,  nan,  3.52382634e-17
 nan,  1.53470186e+00,  nan,  4.19047981e-17
 nan,  1.54447703e+00,  nan,  4.98136721e-17
 nan,  1.55425220e+00,  nan,  5.91928039e-17
 nan,  1.56402737e+00,  nan,  7.03112496e-17
 nan,  1.57380254e+00,  nan,  8.34865031e-17
 nan,  1.58357771e+00,  nan,  9.90930679e-17
 nan,  1.59335288e+00,  nan,  1.17572520e-16
 nan,  1.60312805e+00,  nan,  1.39445316e-16
 nan,  1.61290323e+00,  nan,  1.65324639e-16
 nan,  1.62267840e+00,  nan,  1.95932638e-16
 nan,  1.63245357e+00,  nan,  2.32119453e-16
 nan,  1.64222874e+00,  nan,  2.74885505e-16
 nan,  1.65200391e+00,  nan,  3.25407600e-16
 nan,  1.66177908e+00,  nan,  3.85069475e-16
 nan,  1.67155425e+00,  nan,  4.55497548e-16
 nan,  1.68132942e+00,  nan,  5.38602723e-16
 nan,  1.69110459e+00,  nan,  6.36629259e-16
 nan,  1.70087977e+00,  nan,  7.52211891e-16
 nan,  1.71065494e+00,  nan,  8.88442539e-16
 nan,  1.72043011e+00,  nan,  1.04894820e-15
 nan,  1.73020528e+00,  nan,  1.23798189e-15
 nan,  1.73998045e+00,  nan,  1.46052869e-15
 nan,  1.74975562e+00,  nan,  1.72242944e-15
 nan,  1.75953079e+00,  nan,  2.03052499e-15
 nan,  1.76930596e+00,  nan,  2.39282416e-15
 nan,  1.77908113e+00,  nan,  2.81869953e-15
 nan,  1.78885630e+00,  nan,  3.31911523e-15
 nan,  1.79863148e+00,  nan,  3.90689219e-15
 nan,  1.80840665e+00,  nan,  4.59701661e-15
 nan,  1.81818182e+00,  nan,  5.40699875e-15
 nan,  1.82795699e+00,  nan,  6.35728989e-15
 nan,  1.83773216e+00,  nan,  7.47176684e-15
 nan,  1.84750733e+00,  nan,  8.77829469e-15
 nan,  1.85728250e+00,  nan,  1.03093801e-14
 nan,  1.86705767e+00,  nan,  1.21029293e-14
 nan,  1.87683284e+00,  nan,  1.42031276e-14
 nan,  1.88660802e+00,  nan,  1.66614592e-14
 nan,  1.89638319e+00,  nan,  1.95378885e-14
 nan,  1.90615836e+00,  nan,  2.29022299e-14
 nan,  1.91593353e+00,  nan,  2.68357331e-14
 nan,  1.92570870e+00,  nan,  3.14329185e-14
 nan,  1.93548387e+00,  nan,  3.68037014e-14
 nan,  1.94525904e+00,  nan,  4.30758485e-14
 nan,  1.95503421e+00,  nan,  5.03978178e-14
 nan,  1.96480938e+00,  nan,  5.89420415e-14
 nan,  1.97458456e+00,  nan,  6.89087172e-14
 nan,  1.98435973e+00,  nan,  8.05301867e-14
 nan,  1.99413490e+00,  nan,  9.40759898e-14
 nan,  2.00391007e+00,  nan,  1.09858695e-13
 nan,  2.01368524e+00,  nan,  1.28240625e-13
 nan,  2.02346041e+00,  nan,  1.49641608e-13
 nan,  2.03323558e+00,  nan,  1.74547911e-13
 nan,  2.04301075e+00,  nan,  2.03522531e-13
 nan,  2.05278592e+00,  nan,  2.37217040e-13
 nan,  2.06256109e+00,  nan,  2.76385224e-13
 nan,  2.07233627e+00,  nan,  3.21898764e-13
 nan,  2.08211144e+00,  nan,  3.74765278e-13
 nan,  2.09188661e+00,  nan,  4.36149053e-13
 nan,  2.10166178e+00,  nan,  5.07394868e-13
 nan,  2.11143695e+00,  nan,  5.90055357e-13
 nan,  2.12121212e+00,  nan,  6.85922412e-13
 nan,  2.13098729e+00,  nan,  7.97063239e-13
 nan,  2.14076246e+00,  nan,  9.25861692e-13
 nan,  2.15053763e+00,  nan,  1.07506569e-12
 nan,  2.16031281e+00,  nan,  1.24784153e-12
 nan,  2.17008798e+00,  nan,  1.44783617e-12
 nan,  2.17986315e+00,  nan,  1.67924845e-12
 nan,  2.18963832e+00,  nan,  1.94691073e-12
 nan,  2.19941349e+00,  nan,  2.25638224e-12
 nan,  2.20918866e+00,  nan,  2.61405582e-12
 nan,  2.21896383e+00,  nan,  3.02727999e-12
 nan,  2.22873900e+00,  nan,  3.50449845e-12
 nan,  2.23851417e+00,  nan,  4.05540942e-12
 nan,  2.24828935e+00,  nan,  4.69114749e-12
 nan,  2.25806452e+00,  nan,  5.42449133e-12
 nan,  2.26783969e+00,  nan,  6.27010049e-12
 nan,  2.27761486e+00,  nan,  7.24478551e-12
 nan,  2.28739003e+00,  nan,  8.36781583e-12
 nan,  2.29716520e+00,  nan,  9.66127055e-12
 nan,  2.30694037e+00,  nan,  1.11504379e-11
 nan,  2.31671554e+00,  nan,  1.28642702e-11
 nan,  2.32649071e+00,  nan,  1.48359013e-11
 nan,  2.33626588e+00,  nan,  1.71032350e-11
 nan,  2.34604106e+00,  nan,  1.97096151e-11
 nan,  2.35581623e+00,  nan,  2.27045852e-11
 nan,  2.36559140e+00,  nan,  2.61447534e-11
 nan,  2.37536657e+00,  nan,  3.00947734e-11
 nan,  2.38514174e+00,  nan,  3.46284582e-11
 nan,  2.39491691e+00,  nan,  3.98300437e-11
 nan,  2.40469208e+00,  nan,  4.57956218e-11
 nan,  2.41446725e+00,  nan,  5.26347649e-11
 nan,  2.42424242e+00,  nan,  6.04723664e-11
 nan,  2.43401760e+00,  nan,  6.94507260e-11
 nan,  2.44379277e+00,  nan,  7.97319097e-11
 nan,  2.45356794e+00,  nan,  9.15004209e-11
 nan,  2.46334311e+00,  nan,  1.04966222e-10
 nan,  2.47311828e+00,  nan,  1.20368152e-10
 nan,  2.48289345e+00,  nan,  1.37977784e-10
 nan,  2.49266862e+00,  nan,  1.58103794e-10
 nan,  2.50244379e+00,  nan,  1.81096879e-10
 nan,  2.51221896e+00,  nan,  2.07355323e-10
 nan,  2.52199413e+00,  nan,  2.37331269e-10
 nan,  2.53176931e+00,  nan,  2.71537794e-10
 nan,  2.54154448e+00,  nan,  3.10556882e-10
 nan,  2.55131965e+00,  nan,  3.55048417e-10
 nan,  2.56109482e+00,  nan,  4.05760300e-10
 nan,  2.57086999e+00,  nan,  4.63539848e-10
 nan,  2.58064516e+00,  nan,  5.29346622e-10
 nan,  2.59042033e+00,  nan,  6.04266846e-10
 nan,  2.60019550e+00,  nan,  6.89529638e-10
 nan,  2.60997067e+00,  nan,  7.86525230e-10
 nan,  2.61974585e+00,  nan,  8.96825459e-10
 nan,  2.62952102e+00,  nan,  1.02220676e-09
 nan,  2.63929619e+00,  nan,  1.16467598e-09
 nan,  2.64907136e+00,  nan,  1.32649934e-09
 nan,  2.65884653e+00,  nan,  1.51023492e-09
 nan,  2.66862170e+00,  nan,  1.71876905e-09
 nan,  2.67839687e+00,  nan,  1.95535715e-09
 nan,  2.68817204e+00,  nan,  2.22366936e-09
 nan,  2.69794721e+00,  nan,  2.52784173e-09
 nan,  2.70772239e+00,  nan,  2.87253346e-09
 nan,  2.71749756e+00,  nan,  3.26299091e-09
 nan,  2.72727273e+00,  nan,  3.70511916e-09
 nan,  2.73704790e+00,  nan,  4.20556207e-09
 nan,  2.74682307e+00,  nan,  4.77179154e-09
 nan,  2.75659824e+00,  nan,  5.41220738e-09
 nan,  2.76637341e+00,  nan,  6.13624858e-09
 nan,  2.77614858e+00,  nan,  6.95451758e-09
 nan,  2.78592375e+00,  nan,  7.87891879e-09
 nan,  2.79569892e+00,  nan,  8.92281295e-09
 nan,  2.80547410e+00,  nan,  1.01011891e-08
 nan,  2.81524927e+00,  nan,  1.14308563e-08
 nan,  2.82502444e+00,  nan,  1.29306567e-08
 nan,  2.83479961e+00,  nan,  1.46217025e-08
 nan,  2.84457478e+00,  nan,  1.65276405e-08
 nan,  2.85434995e+00,  nan,  1.86749445e-08
 nan,  2.86412512e+00,  nan,  2.10932418e-08
 nan,  2.87390029e+00,  nan,  2.38156749e-08
 nan,  2.88367546e+00,  nan,  2.68793032e-08
 nan,  2.89345064e+00,  nan,  3.03255487e-08
 nan,  2.90322581e+00,  nan,  3.42006908e-08
 nan,  2.91300098e+00,  nan,  3.85564143e-08
 nan,  2.92277615e+00,  nan,  4.34504170e-08
 nan,  2.93255132e+00,  nan,  4.89470823e-08
 nan,  2.94232649e+00,  nan,  5.51182245e-08
 nan,  2.95210166e+00,  nan,  6.20439128e-08
 nan,  2.96187683e+00,  nan,  6.98133837e-08
 nan,  2.97165200e+00,  nan,  7.85260490e-08
 nan,  2.98142717e+00,  nan,  8.82926100e-08
 nan,  2.99120235e+00,  nan,  9.92362886e-08
 nan,  3.00097752e+00,  nan,  1.11494186e-07
 nan,  3.01075269e+00,  nan,  1.25218783e-07
 nan,  3.02052786e+00,  nan,  1.40579594e-07
 nan,  3.03030303e+00,  nan,  1.57764993e-07
 nan,  3.04007820e+00,  nan,  1.76984221e-07
 nan,  3.04985337e+00,  nan,  1.98469605e-07
 nan,  3.05962854e+00,  nan,  2.22478994e-07
 nan,  3.06940371e+00,  nan,  2.49298444e-07
 nan,  3.07917889e+00,  nan,  2.79245172e-07
 nan,  3.08895406e+00,  nan,  3.12670802e-07
 nan,  3.09872923e+00,  nan,  3.49964936e-07
 nan,  3.10850440e+00,  nan,  3.91559069e-07
 nan,  3.11827957e+00,  nan,  4.37930902e-07
 nan,  3.12805474e+00,  nan,  4.89609060e-07
 nan,  3.13782991e+00,  nan,  5.47178279e-07
 nan,  3.14760508e+00,  nan,  6.11285089e-07
 nan,  3.15738025e+00,  nan,  6.82644043e-07
 nan,  3.16715543e+00,  nan,  7.62044543e-07
 nan,  3.17693060e+00,  nan,  8.50358309e-07
 nan,  3.18670577e+00,  nan,  9.48547561e-07
 nan,  3.19648094e+00,  nan,  1.05767396e-06
 nan,  3.20625611e+00,  nan,  1.17890841e-06
 nan,  3.21603128e+00,  nan,  1.31354170e-06
 nan,  3.22580645e+00,  nan,  1.46299626e-06
 nan,  3.23558162e+00,  nan,  1.62883884e-06
 nan,  3.24535679e+00,  nan,  1.81279446e-06
 nan,  3.25513196e+00,  nan,  2.01676161e-06
 nan,  3.26490714e+00,  nan,  2.24282875e-06
 nan,  3.27468231e+00,  nan,  2.49329241e-06
 nan,  3.28445748e+00,  nan,  2.77067677e-06
 nan,  3.29423265e+00,  nan,  3.07775511e-06
 nan,  3.30400782e+00,  nan,  3.41757308e-06
 nan,  3.31378299e+00,  nan,  3.79347396e-06
 nan,  3.32355816e+00,  nan,  4.20912627e-06
 nan,  3.33333333e+00,  nan,  4.66855363e-06
 nan,  3.34310850e+00,  nan,  5.17616723e-06
 nan,  3.35288368e+00,  nan,  5.73680113e-06
 nan,  3.36265885e+00,  nan,  6.35575052e-06
 nan,  3.37243402e+00,  nan,  7.03881316e-06
 nan,  3.38220919e+00,  nan,  7.79233443e-06
 nan,  3.39198436e+00,  nan,  8.62325598e-06
 nan,  3.40175953e+00,  nan,  9.53916857e-06
 nan,  3.41153470e+00,  nan,  1.05483691e-05
 nan,  3.42130987e+00,  nan,  1.16599225e-05
 nan,  3.43108504e+00,  nan,  1.28837283e-05
 nan,  3.44086022e+00,  nan,  1.42305931e-05
 nan,  3.45063539e+00,  nan,  1.57123083e-05
 nan,  3.46041056e+00,  nan,  1.73417346e-05
 nan,  3.47018573e+00,  nan,  1.91328924e-05
 nan,  3.47996090e+00,  nan,  2.11010600e-05
 nan,  3.48973607e+00,  nan,  2.32628791e-05
 nan,  3.49951124e+00,  nan,  2.56364688e-05
 nan,  3.50928641e+00,  nan,  2.82415479e-05
 nan,  3.51906158e+00,  nan,  3.10995667e-05
 nan,  3.52883675e+00,  nan,  3.42338488e-05
 nan,  3.53861193e+00,  nan,  3.76697440e-05
 nan,  3.54838710e+00,  nan,  4.14347917e-05
 nan,  3.55816227e+00,  nan,  4.55588968e-05
 nan,  3.56793744e+00,  nan,  5.00745193e-05
 nan,  3.57771261e+00,  nan,  5.50168762e-05
 nan,  3.58748778e+00,  nan,  6.04241594e-05
 nan,  3.59726295e+00,  nan,  6.63377681e-05
 nan,  3.60703812e+00,  nan,  7.28025589e-05
 nan,  3.61681329e+00,  nan,  7.98671123e-05
 nan,  3.62658847e+00,  nan,  8.75840190e-05
 nan,  3.63636364e+00,  nan,  9.60101851e-05
 nan,  3.64613881e+00,  nan,  1.05207159e-04
 nan,  3.65591398e+00,  nan,  1.15241481e-04
 nan,  3.66568915e+00,  nan,  1.26185054e-04
 nan,  3.67546432e+00,  nan,  1.38115542e-04
 nan,  3.68523949e+00,  nan,  1.51116797e-04
 nan,  3.69501466e+00,  nan,  1.65279304e-04
 nan,  3.70478983e+00,  nan,  1.80700669e-04
 nan,  3.71456500e+00,  nan,  1.97486128e-04
 nan,  3.72434018e+00,  nan,  2.15749093e-04
 nan,  3.73411535e+00,  nan,  2.35611733e-04
 nan,  3.74389052e+00,  nan,  2.57205587e-04
 nan,  3.75366569e+00,  nan,  2.80672221e-04
 nan,  3.76344086e+00,  nan,  3.06163923e-04
 nan,  3.77321603e+00,  nan,  3.33844439e-04
 nan,  3.78299120e+00,  nan,  3.63889756e-04
 nan,  3.79276637e+00,  nan,  3.96488926e-04
 nan,  3.80254154e+00,  nan,  4.31844949e-04
 nan,  3.81231672e+00,  nan,  4.70175695e-04
 nan,  3.82209189e+00,  nan,  5.11714893e-04
 nan,  3.83186706e+00,  nan,  5.56713160e-04
 nan,  3.84164223e+00,  nan,  6.05439105e-04
 nan,  3.85141740e+00,  nan,  6.58180482e-04
 nan,  3.86119257e+00,  nan,  7.15245409e-04
 nan,  3.87096774e+00,  nan,  7.76963664e-04
 nan,  3.88074291e+00,  nan,  8.43688032e-04
 nan,  3.89051808e+00,  nan,  9.15795737e-04
 nan,  3.90029326e+00,  nan,  9.93689947e-04
 nan,  3.91006843e+00,  nan,  1.07780135e-03
 nan,  3.91984360e+00,  nan,  1.16858983e-03
 nan,  3.92961877e+00,  nan,  1.26654618e-03
 nan,  3.93939394e+00,  nan,  1.37219398e-03
 nan,  3.94916911e+00,  nan,  1.48609145e-03
 nan,  3.95894428e+00,  nan,  1.60883354e-03
 nan,  3.96871945e+00,  nan,  1.74105399e-03
 nan,  3.97849462e+00,  nan,  1.88342754e-03
 nan,  3.98826979e+00,  nan,  2.03667223e-03
 nan,  3.99804497e+00,  nan,  2.20155184e-03
 nan,  4.00782014e+00,  nan,  2.37887840e-03
 nan,  4.01759531e+00,  nan,  2.56951476e-03
 nan,  4.02737048e+00,  nan,  2.77437743e-03
 nan,  4.03714565e+00,  nan,  2.99443932e-03
 nan,  4.04692082e+00,  nan,  3.23073280e-03
 nan,  4.05669599e+00,  nan,  3.48435274e-03
 nan,  4.06647116e+00,  nan,  3.75645973e-03
 nan,  4.07624633e+00,  nan,  4.04828343e-03
 nan,  4.08602151e+00,  nan,  4.36112600e-03
 nan,  4.09579668e+00,  nan,  4.69636569e-03
 nan,  4.10557185e+00,  nan,  5.05546058e-03
 nan,  4.11534702e+00,  nan,  5.43995241e-03
 nan,  4.12512219e+00,  nan,  5.85147053e-03
 nan,  4.13489736e+00,  nan,  6.29173603e-03
 nan,  4.14467253e+00,  nan,  6.76256596e-03
 nan,  4.15444770e+00,  nan,  7.26587772e-03
 nan,  4.16422287e+00,  nan,  7.80369353e-03
 nan,  4.17399804e+00,  nan,  8.37814505e-03
 nan,  4.18377322e+00,  nan,  8.99147818e-03
 nan,  4.19354839e+00,  nan,  9.64605789e-03
 nan,  4.20332356e+00,  nan,  1.03443733e-02
 nan,  4.21309873e+00,  nan,  1.10890426e-02
 nan,  4.22287390e+00,  nan,  1.18828187e-02
 nan,  4.23264907e+00,  nan,  1.27285941e-02
 nan,  4.24242424e+00,  nan,  1.36294069e-02
 nan,  4.25219941e+00,  nan,  1.45884457e-02
 nan,  4.26197458e+00,  nan,  1.56090561e-02
 nan,  4.27174976e+00,  nan,  1.66947457e-02
 nan,  4.28152493e+00,  nan,  1.78491905e-02
 nan,  4.29130010e+00,  nan,  1.90762405e-02
 nan,  4.30107527e+00,  nan,  2.03799261e-02
 nan,  4.31085044e+00,  nan,  2.17644638e-02
 nan,  4.32062561e+00,  nan,  2.32342622e-02
 nan,  4.33040078e+00,  nan,  2.47939289e-02
 nan,  4.34017595e+00,  nan,  2.64482759e-02
 nan,  4.34995112e+00,  nan,  2.82023261e-02
 nan,  4.35972630e+00,  nan,  3.00613198e-02
 nan,  4.36950147e+00,  nan,  3.20307205e-02
 nan,  4.37927664e+00,  nan,  3.41162212e-02
 nan,  4.38905181e+00,  nan,  3.63237505e-02
 nan,  4.39882698e+00,  nan,  3.86594790e-02
 nan,  4.40860215e+00,  nan,  4.11298248e-02
 nan,  4.41837732e+00,  nan,  4.37414597e-02
 nan,  4.42815249e+00,  nan,  4.65013149e-02
 nan,  4.43792766e+00,  nan,  4.94165867e-02
 nan,  4.44770283e+00,  nan,  5.24947420e-02
 nan,  4.45747801e+00,  nan,  5.57435235e-02
 nan,  4.46725318e+00,  nan,  5.91709548e-02
 nan,  4.47702835e+00,  nan,  6.27853453e-02
 nan,  4.48680352e+00,  nan,  6.65952950e-02
 nan,  4.49657869e+00,  nan,  7.06096984e-02
 nan,  4.50635386e+00,  nan,  7.48377490e-02
 nan,  4.51612903e+00,  nan,  7.92889424e-02
 nan,  4.52590420e+00,  nan,  8.39730801e-02
 nan,  4.53567937e+00,  nan,  8.89002724e-02
 nan,  4.54545455e+00,  nan,  9.40809404e-02
 nan,  4.55522972e+00,  nan,  9.95258184e-02
 nan,  4.56500489e+00,  nan,  1.05245955e-01
 nan,  4.57478006e+00,  nan,  1.11252716e-01
 nan,  4.58455523e+00,  nan,  1.17557781e-01
 nan,  4.59433040e+00,  nan,  1.24173146e-01
 nan,  4.60410557e+00,  nan,  1.31111124e-01
 nan,  4.61388074e+00,  nan,  1.38384340e-01
 nan,  4.62365591e+00,  nan,  1.46005731e-01
 nan,  4.63343109e+00,  nan,  1.53988542e-01
 nan,  4.64320626e+00,  nan,  1.62346325e-01
 nan,  4.65298143e+00,  nan,  1.71092931e-01
 nan,  4.66275660e+00,  nan,  1.80242507e-01
 nan,  4.67253177e+00,  nan,  1.89809491e-01
 nan,  4.68230694e+00,  nan,  1.99808600e-01
 nan,  4.69208211e+00,  nan,  2.10254830e-01
 nan,  4.70185728e+00,  nan,  2.21163439e-01
 nan,  4.71163245e+00,  nan,  2.32549943e-01
 nan,  4.72140762e+00,  nan,  2.44430102e-01
 nan,  4.73118280e+00,  nan,  2.56819911e-01
 nan,  4.74095797e+00,  nan,  2.69735584e-01
 nan,  4.75073314e+00,  nan,  2.83193541e-01
 nan,  4.76050831e+00,  nan,  2.97210395e-01
 nan,  4.77028348e+00,  nan,  3.11802933e-01
 nan,  4.78005865e+00,  nan,  3.26988099e-01
 nan,  4.78983382e+00,  nan,  3.42782977e-01
 nan,  4.79960899e+00,  nan,  3.59204770e-01
 nan,  4.80938416e+00,  nan,  3.76270781e-01
 nan,  4.81915934e+00,  nan,  3.93998387e-01
 nan,  4.82893451e+00,  nan,  4.12405020e-01
 nan,  4.83870968e+00,  nan,  4.31508139e-01
 nan,  4.84848485e+00,  nan,  4.51325207e-01
 nan,  4.85826002e+00,  nan,  4.71873662e-01
 nan,  4.86803519e+00,  nan,  4.93170891e-01
 nan,  4.87781036e+00,  nan,  5.15234199e-01
 nan,  4.88758553e+00,  nan,  5.38080779e-01
 nan,  4.89736070e+00,  nan,  5.61727681e-01
 nan,  4.90713587e+00,  nan,  5.86191777e-01
 nan,  4.91691105e+00,  nan,  6.11489731e-01
 nan,  4.92668622e+00,  nan,  6.37637960e-01
 nan,  4.93646139e+00,  nan,  6.64652601e-01
 nan,  4.94623656e+00,  nan,  6.92549474e-01
 nan,  4.95601173e+00,  nan,  7.21344041e-01
 nan,  4.96578690e+00,  nan,  7.51051370e-01
 nan,  4.97556207e+00,  nan,  7.81686095e-01
 nan,  4.98533724e+00,  nan,  8.13262375e-01
 nan,  4.99511241e+00,  nan,  8.45793852e-01
 nan,  5.00488759e+00,  nan,  8.79293610e-01
 nan,  5.01466276e+00,  nan,  9.13774133e-01
 nan,  5.02443793e+00,  nan,  9.49247260e-01
 nan,  5.03421310e+00,  nan,  9.85724145e-01
 nan,  5.04398827e+00,  nan,  1.02321521e+00
 nan,  5.05376344e+00,  nan,  1.06173010e+00
 nan,  5.06353861e+00,  nan,  1.10127763e+00
 nan,  5.07331378e+00,  nan,  1.14186579e+00
 nan,  5.08308895e+00,  nan,  1.18350160e+00
 nan,  5.09286413e+00,  nan,  1.22619119e+00
 nan,  5.10263930e+00,  nan,  1.26993964e+00
 nan,  5.11241447e+00,  nan,  1.31475103e+00
 nan,  5.12218964e+00,  nan,  1.36062833e+00
 nan,  5.13196481e+00,  nan,  1.40757339e+00
 nan,  5.14173998e+00,  nan,  1.45558690e+00
 nan,  5.15151515e+00,  nan,  1.50466831e+00
 nan,  5.16129032e+00,  nan,  1.55481587e+00
 nan,  5.17106549e+00,  nan,  1.60602648e+00
 nan,  5.18084066e+00,  nan,  1.65829575e+00
 nan,  5.19061584e+00,  nan,  1.71161792e+00
 nan,  5.20039101e+00,  nan,  1.76598582e+00
 nan,  5.21016618e+00,  nan,  1.82139084e+00
 nan,  5.21994135e+00,  nan,  1.87782292e+00
 nan,  5.22971652e+00,  nan,  1.93527048e+00
 nan,  5.23949169e+00,  nan,  1.99372042e+00
 nan,  5.24926686e+00,  nan,  2.05315810e+00
 nan,  5.25904203e+00,  nan,  2.11356728e+00
 nan,  5.26881720e+00,  nan,  2.17493014e+00
 nan,  5.27859238e+00,  nan,  2.23722722e+00
 nan,  5.28836755e+00,  nan,  2.30043745e+00
 nan,  5.29814272e+00,  nan,  2.36453808e+00
 nan,  5.30791789e+00,  nan,  2.42950472e+00
 nan,  5.31769306e+00,  nan,  2.49531128e+00
 nan,  5.32746823e+00,  nan,  2.56193002e+00
 nan,  5.33724340e+00,  nan,  2.62933150e+00
 nan,  5.34701857e+00,  nan,  2.69748462e+00
 nan,  5.35679374e+00,  nan,  2.76635657e+00
 nan,  5.36656891e+00,  nan,  2.83591291e+00
 nan,  5.37634409e+00,  nan,  2.90611751e+00
 nan,  5.38611926e+00,  nan,  2.97693260e+00
 nan,  5.39589443e+00,  nan,  3.04831878e+00
 nan,  5.40566960e+00,  nan,  3.12023506e+00
 nan,  5.41544477e+00,  nan,  3.19263883e+00
 nan,  5.42521994e+00,  nan,  3.26548596e+00
 nan,  5.43499511e+00,  nan,  3.33873078e+00
 nan,  5.44477028e+00,  nan,  3.41232611e+00
 nan,  5.45454545e+00,  nan,  3.48622335e+00
 nan,  5.46432063e+00,  nan,  3.56037249e+00
 nan,  5.47409580e+00,  nan,  3.63472212e+00
 nan,  5.48387097e+00,  nan,  3.70921956e+00
 nan,  5.49364614e+00,  nan,  3.78381086e+00
 nan,  5.50342131e+00,  nan,  3.85844084e+00
 nan,  5.51319648e+00,  nan,  3.93305322e+00
 nan,  5.52297165e+00,  nan,  4.00759060e+00
 nan,  5.53274682e+00,  nan,  4.08199459e+00
 nan,  5.54252199e+00,  nan,  4.15620586e+00
 nan,  5.55229717e+00,  nan,  4.23016421e+00
 nan,  5.56207234e+00,  nan,  4.30380862e+00
 nan,  5.57184751e+00,  nan,  4.37707740e+00
 nan,  5.58162268e+00,  nan,  4.44990819e+00
 nan,  5.59139785e+00,  nan,  4.52223810e+00
 nan,  5.60117302e+00,  nan,  4.59400378e+00
 nan,  5.61094819e+00,  nan,  4.66514151e+00
 nan,  5.62072336e+00,  nan,  4.73558728e+00
 nan,  5.63049853e+00,  nan,  4.80527689e+00
 nan,  5.64027370e+00,  nan,  4.87414607e+00
 nan,  5.65004888e+00,  nan,  4.94213054e+00
 nan,  5.65982405e+00,  nan,  5.00916612e+00
 nan,  5.66959922e+00,  nan,  5.07518884e+00
 nan,  5.67937439e+00,  nan,  5.14013503e+00
 nan,  5.68914956e+00,  nan,  5.20394141e+00
 nan,  5.69892473e+00,  nan,  5.26654524e+00
 nan,  5.70869990e+00,  nan,  5.32788435e+00
 nan,  5.71847507e+00,  nan,  5.38789731e+00
 nan,  5.72825024e+00,  nan,  5.44652347e+00
 nan,  5.73802542e+00,  nan,  5.50370311e+00
 nan,  5.74780059e+00,  nan,  5.55937753e+00
 nan,  5.75757576e+00,  nan,  5.61348914e+00
 nan,  5.76735093e+00,  nan,  5.66598154e+00
 nan,  5.77712610e+00,  nan,  5.71679966e+00
 nan,  5.78690127e+00,  nan,  5.76588984e+00
 nan,  5.79667644e+00,  nan,  5.81319991e+00
 nan,  5.80645161e+00,  nan,  5.85867930e+00
 nan,  5.81622678e+00,  nan,  5.90227910e+00
 nan,  5.82600196e+00,  nan,  5.94395221e+00
 nan,  5.83577713e+00,  nan,  5.98365334e+00
 nan,  5.84555230e+00,  nan,  6.02133917e+00
 nan,  5.85532747e+00,  nan,  6.05696838e+00
 nan,  5.86510264e+00,  nan,  6.09050174e+00
 nan,  5.87487781e+00,  nan,  6.12190219e+00
 nan,  5.88465298e+00,  nan,  6.15113490e+00
 nan,  5.89442815e+00,  nan,  6.17816732e+00
 nan,  5.90420332e+00,  nan,  6.20296927e+00
 nan,  5.91397849e+00,  nan,  6.22551299e+00
 nan,  5.92375367e+00,  nan,  6.24577316e+00
 nan,  5.93352884e+00,  nan,  6.26372699e+00
 nan,  5.94330401e+00,  nan,  6.27935423e+00
 nan,  5.95307918e+00,  nan,  6.29263723e+00
 nan,  5.96285435e+00,  nan,  6.30356096e+00
 nan,  5.97262952e+00,  nan,  6.31211306e+00
 nan,  5.98240469e+00,  nan,  6.31828382e+00
 nan,  5.99217986e+00,  nan,  6.32206624e+00
 nan,  6.00195503e+00,  nan,  6.32345602e+00
 nan,  6.01173021e+00,  nan,  6.32245160e+00
 nan,  6.02150538e+00,  nan,  6.31905410e+00
 nan,  6.03128055e+00,  nan,  6.31326739e+00
 nan,  6.04105572e+00,  nan,  6.30509803e+00
 nan,  6.05083089e+00,  nan,  6.29455528e+00
 nan,  6.06060606e+00,  nan,  6.28165110e+00
 nan,  6.07038123e+00,  nan,  6.26640009e+00
 nan,  6.08015640e+00,  nan,  6.24881947e+00
 nan,  6.08993157e+00,  nan,  6.22892908e+00
 nan,  6.09970674e+00,  nan,  6.20675130e+00
 nan,  6.10948192e+00,  nan,  6.18231104e+00
 nan,  6.11925709e+00,  nan,  6.15563568e+00
 nan,  6.12903226e+00,  nan,  6.12675502e+00
 nan,  6.13880743e+00,  nan,  6.09570121e+00
 nan,  6.14858260e+00,  nan,  6.06250874e+00
 nan,  6.15835777e+00,  nan,  6.02721430e+00
 nan,  6.16813294e+00,  nan,  5.98985679e+00
 nan,  6.17790811e+00,  nan,  5.95047718e+00
 nan,  6.18768328e+00,  nan,  5.90911849e+00
 nan,  6.19745846e+00,  nan,  5.86582569e+00
 nan,  6.20723363e+00,  nan,  5.82064560e+00
 nan,  6.21700880e+00,  nan,  5.77362684e+00
 nan,  6.22678397e+00,  nan,  5.72481972e+00
 nan,  6.23655914e+00,  nan,  5.67427616e+00
 nan,  6.24633431e+00,  nan,  5.62204958e+00
 nan,  6.25610948e+00,  nan,  5.56819485e+00
 nan,  6.26588465e+00,  nan,  5.51276813e+00
 nan,  6.27565982e+00,  nan,  5.45582684e+00
 nan,  6.28543500e+00,  nan,  5.39742952e+00
 nan,  6.29521017e+00,  nan,  5.33763572e+00
 nan,  6.30498534e+00,  nan,  5.27650595e+00
 nan,  6.31476051e+00,  nan,  5.21410152e+00
 nan,  6.32453568e+00,  nan,  5.15048449e+00
 nan,  6.33431085e+00,  nan,  5.08571751e+00
 nan,  6.34408602e+00,  nan,  5.01986379e+00
 nan,  6.35386119e+00,  nan,  4.95298694e+00
 nan,  6.36363636e+00,  nan,  4.88515088e+00
 nan,  6.37341153e+00,  nan,  4.81641978e+00
 nan,  6.38318671e+00,  nan,  4.74685788e+00
 nan,  6.39296188e+00,  nan,  4.67652949e+00
 nan,  6.40273705e+00,  nan,  4.60549882e+00
 nan,  6.41251222e+00,  nan,  4.53382991e+00
 nan,  6.42228739e+00,  nan,  4.46158653e+00
 nan,  6.43206256e+00,  nan,  4.38883211e+00
 nan,  6.44183773e+00,  nan,  4.31562961e+00
 nan,  6.45161290e+00,  nan,  4.24204147e+00
 nan,  6.46138807e+00,  nan,  4.16812953e+00
 nan,  6.47116325e+00,  nan,  4.09395488e+00
 nan,  6.48093842e+00,  nan,  4.01957788e+00
 nan,  6.49071359e+00,  nan,  3.94505800e+00
 nan,  6.50048876e+00,  nan,  3.87045379e+00
 nan,  6.51026393e+00,  nan,  3.79582281e+00
 nan,  6.52003910e+00,  nan,  3.72122154e+00
 nan,  6.52981427e+00,  nan,  3.64670531e+00
 nan,  6.53958944e+00,  nan,  3.57232829e+00
 nan,  6.54936461e+00,  nan,  3.49814338e+00
 nan,  6.55913978e+00,  nan,  3.42420218e+00
 nan,  6.56891496e+00,  nan,  3.35055492e+00
 nan,  6.57869013e+00,  nan,  3.27725046e+00
 nan,  6.58846530e+00,  nan,  3.20433620e+00
 nan,  6.59824047e+00,  nan,  3.13185803e+00
 nan,  6.60801564e+00,  nan,  3.05986037e+00
 nan,  6.61779081e+00,  nan,  2.98838604e+00
 nan,  6.62756598e+00,  nan,  2.91747632e+00
 nan,  6.63734115e+00,  nan,  2.84717086e+00
 nan,  6.64711632e+00,  nan,  2.77750769e+00
 nan,  6.65689150e+00,  nan,  2.70852320e+00
 nan,  6.66666667e+00,  nan,  2.64025211e+00
 nan,  6.67644184e+00,  nan,  2.57272750e+00
 nan,  6.68621701e+00,  nan,  2.50598073e+00
 nan,  6.69599218e+00,  nan,  2.44004151e+00
 nan,  6.70576735e+00,  nan,  2.37493787e+00
 nan,  6.71554252e+00,  nan,  2.31069615e+00
 nan,  6.72531769e+00,  nan,  2.24734102e+00
 nan,  6.73509286e+00,  nan,  2.18489548e+00
 nan,  6.74486804e+00,  nan,  2.12338088e+00
 nan,  6.75464321e+00,  nan,  2.06281694e+00
 nan,  6.76441838e+00,  nan,  2.00322174e+00
 nan,  6.77419355e+00,  nan,  1.94461178e+00
 nan,  6.78396872e+00,  nan,  1.88700194e+00
 nan,  6.79374389e+00,  nan,  1.83040558e+00
 nan,  6.80351906e+00,  nan,  1.77483452e+00
 nan,  6.81329423e+00,  nan,  1.72029906e+00
 nan,  6.82306940e+00,  nan,  1.66680804e+00
 nan,  6.83284457e+00,  nan,  1.61436885e+00
 nan,  6.84261975e+00,  nan,  1.56298750e+00
 nan,  6.85239492e+00,  nan,  1.51266858e+00
 nan,  6.86217009e+00,  nan,  1.46341540e+00
 nan,  6.87194526e+00,  nan,  1.41522992e+00
 nan,  6.88172043e+00,  nan,  1.36811289e+00
 nan,  6.89149560e+00,  nan,  1.32206381e+00
 nan,  6.90127077e+00,  nan,  1.27708102e+00
 nan,  6.91104594e+00,  nan,  1.23316171e+00
 nan,  6.92082111e+00,  nan,  1.19030200e+00
 nan,  6.93059629e+00,  nan,  1.14849694e+00
 nan,  6.94037146e+00,  nan,  1.10774060e+00
 nan,  6.95014663e+00,  nan,  1.06802607e+00
 nan,  6.95992180e+00,  nan,  1.02934553e+00
 nan,  6.96969697e+00,  nan,  9.91690294e-01
 nan,  6.97947214e+00,  nan,  9.55050842e-01
 nan,  6.98924731e+00,  nan,  9.19416875e-01
 nan,  6.99902248e+00,  nan,  8.84777356e-01
 nan,  7.00879765e+00,  nan,  8.51120552e-01
 nan,  7.01857283e+00,  nan,  8.18434080e-01
 nan,  7.02834800e+00,  nan,  7.86704951e-01
 nan,  7.03812317e+00,  nan,  7.55919608e-01
 nan,  7.04789834e+00,  nan,  7.26063973e-01
 nan,  7.05767351e+00,  nan,  6.97123486e-01
 nan,  7.06744868e+00,  nan,  6.69083147e-01
 nan,  7.07722385e+00,  nan,  6.41927553e-01
 nan,  7.08699902e+00,  nan,  6.15640940e-01
 nan,  7.09677419e+00,  nan,  5.90207220e-01
 nan,  7.10654936e+00,  nan,  5.65610018e-01
 nan,  7.11632454e+00,  nan,  5.41832708e-01
 nan,  7.12609971e+00,  nan,  5.18858448e-01
 nan,  7.13587488e+00,  nan,  4.96670215e-01
 nan,  7.14565005e+00,  nan,  4.75250837e-01
 nan,  7.15542522e+00,  nan,  4.54583025e-01
 nan,  7.16520039e+00,  nan,  4.34649403e-01
 nan,  7.17497556e+00,  nan,  4.15432539e-01
 nan,  7.18475073e+00,  nan,  3.96914973e-01
 nan,  7.19452590e+00,  nan,  3.79079243e-01
 nan,  7.20430108e+00,  nan,  3.61907911e-01
 nan,  7.21407625e+00,  nan,  3.45383589e-01
 nan,  7.22385142e+00,  nan,  3.29488962e-01
 nan,  7.23362659e+00,  nan,  3.14206808e-01
 nan,  7.24340176e+00,  nan,  2.99520024e-01
 nan,  7.25317693e+00,  nan,  2.85411641e-01
 nan,  7.26295210e+00,  nan,  2.71864845e-01
 nan,  7.27272727e+00,  nan,  2.58862995e-01
 nan,  7.28250244e+00,  nan,  2.46389639e-01
 nan,  7.29227761e+00,  nan,  2.34428528e-01
 nan,  7.30205279e+00,  nan,  2.22963632e-01
 nan,  7.31182796e+00,  nan,  2.11979151e-01
 nan,  7.32160313e+00,  nan,  2.01459530e-01
 nan,  7.33137830e+00,  nan,  1.91389467e-01
 nan,  7.34115347e+00,  nan,  1.81753926e-01
 nan,  7.35092864e+00,  nan,  1.72538143e-01
 nan,  7.36070381e+00,  nan,  1.63727634e-01
 nan,  7.37047898e+00,  nan,  1.55308206e-01
 nan,  7.38025415e+00,  nan,  1.47265959e-01
 nan,  7.39002933e+00,  nan,  1.39587293e-01
 nan,  7.39980450e+00,  nan,  1.32258913e-01
 nan,  7.40957967e+00,  nan,  1.25267833e-01
 nan,  7.41935484e+00,  nan,  1.18601377e-01
 nan,  7.42913001e+00,  nan,  1.12247182e-01
 nan,  7.43890518e+00,  nan,  1.06193200e-01
 nan,  7.44868035e+00,  nan,  1.00427702e-01
 nan,  7.45845552e+00,  nan,  9.49392698e-02
 nan,  7.46823069e+00,  nan,  8.97168053e-02
 nan,  7.47800587e+00,  nan,  8.47495233e-02
 nan,  7.48778104e+00,  nan,  8.00269521e-02
 nan,  7.49755621e+00,  nan,  7.55389318e-02
 nan,  7.50733138e+00,  nan,  7.12756114e-02
 nan,  7.51710655e+00,  nan,  6.72274461e-02
 nan,  7.52688172e+00,  nan,  6.33851941e-02
 nan,  7.53665689e+00,  nan,  5.97399130e-02
 nan,  7.54643206e+00,  nan,  5.62829558e-02
 nan,  7.55620723e+00,  nan,  5.30059665e-02
 nan,  7.56598240e+00,  nan,  4.99008758e-02
 nan,  7.57575758e+00,  nan,  4.69598961e-02
 nan,  7.58553275e+00,  nan,  4.41755166e-02
 nan,  7.59530792e+00,  nan,  4.15404978e-02
 nan,  7.60508309e+00,  nan,  3.90478661e-02
 nan,  7.61485826e+00,  nan,  3.66909084e-02
 nan,  7.62463343e+00,  nan,  3.44631661e-02
 nan,  7.63440860e+00,  nan,  3.23584292e-02
 nan,  7.64418377e+00,  nan,  3.03707305e-02
 nan,  7.65395894e+00,  nan,  2.84943396e-02
 nan,  7.66373412e+00,  nan,  2.67237563e-02
 nan,  7.67350929e+00,  nan,  2.50537050e-02
 nan,  7.68328446e+00,  nan,  2.34791282e-02
 nan,  7.69305963e+00,  nan,  2.19951801e-02
 nan,  7.70283480e+00,  nan,  2.05972210e-02
 nan,  7.71260997e+00,  nan,  1.92808104e-02
 nan,  7.72238514e+00,  nan,  1.80417013e-02
 nan,  7.73216031e+00,  nan,  1.68758340e-02
 nan,  7.74193548e+00,  nan,  1.57793296e-02
 nan,  7.75171065e+00,  nan,  1.47484847e-02
 nan,  7.76148583e+00,  nan,  1.37797649e-02
 nan,  7.77126100e+00,  nan,  1.28697989e-02
 nan,  7.78103617e+00,  nan,  1.20153732e-02
 nan,  7.79081134e+00,  nan,  1.12134259e-02
 nan,  7.80058651e+00,  nan,  1.04610414e-02
 nan,  7.81036168e+00,  nan,  9.75544471e-03
 nan,  7.82013685e+00,  nan,  9.09399631e-03
 nan,  7.82991202e+00,  nan,  8.47418665e-03
 nan,  7.83968719e+00,  nan,  7.89363111e-03
 nan,  7.84946237e+00,  nan,  7.35006497e-03
 nan,  7.85923754e+00,  nan,  6.84133849e-03
 nan,  7.86901271e+00,  nan,  6.36541216e-03
 nan,  7.87878788e+00,  nan,  5.92035201e-03
 nan,  7.88856305e+00,  nan,  5.50432514e-03
 nan,  7.89833822e+00,  nan,  5.11559529e-03
 nan,  7.90811339e+00,  nan,  4.75251863e-03
 nan,  7.91788856e+00,  nan,  4.41353959e-03
 nan,  7.92766373e+00,  nan,  4.09718690e-03
 nan,  7.93743891e+00,  nan,  3.80206970e-03
 nan,  7.94721408e+00,  nan,  3.52687382e-03
 nan,  7.95698925e+00,  nan,  3.27035817e-03
 nan,  7.96676442e+00,  nan,  3.03135128e-03
 nan,  7.97653959e+00,  nan,  2.80874792e-03
 nan,  7.98631476e+00,  nan,  2.60150587e-03
 nan,  7.99608993e+00,  nan,  2.40864284e-03
 nan,  8.00586510e+00,  nan,  2.22923346e-03
 nan,  8.01564027e+00,  nan,  2.06240640e-03
 nan,  8.02541544e+00,  nan,  1.90734166e-03
 nan,  8.03519062e+00,  nan,  1.76326785e-03
 nan,  8.04496579e+00,  nan,  1.62945974e-03
 nan,  8.05474096e+00,  nan,  1.50523576e-03
 nan,  8.06451613e+00,  nan,  1.38995574e-03
 nan,  8.07429130e+00,  nan,  1.28301864e-03
 nan,  8.08406647e+00,  nan,  1.18386044e-03
 nan,  8.09384164e+00,  nan,  1.09195214e-03
 nan,  8.10361681e+00,  nan,  1.00679777e-03
 nan,  8.11339198e+00,  nan,  9.27932613e-04
 nan,  8.12316716e+00,  nan,  8.54921385e-04
 nan,  8.13294233e+00,  nan,  7.87356601e-04
 nan,  8.14271750e+00,  nan,  7.24856962e-04
 nan,  8.15249267e+00,  nan,  6.67065847e-04
 nan,  8.16226784e+00,  nan,  6.13649870e-04
 nan,  8.17204301e+00,  nan,  5.64297514e-04
 nan,  8.18181818e+00,  nan,  5.18717832e-04
 nan,  8.19159335e+00,  nan,  4.76639212e-04
 nan,  8.20136852e+00,  nan,  4.37808216e-04
 nan,  8.21114370e+00,  nan,  4.01988470e-04
 nan,  8.22091887e+00,  nan,  3.68959618e-04
 nan,  8.23069404e+00,  nan,  3.38516331e-04
 nan,  8.24046921e+00,  nan,  3.10467370e-04
 nan,  8.25024438e+00,  nan,  2.84634705e-04
 nan,  8.26001955e+00,  nan,  2.60852672e-04
 nan,  8.26979472e+00,  nan,  2.38967190e-04
 nan,  8.27956989e+00,  nan,  2.18835015e-04
 nan,  8.28934506e+00,  nan,  2.00323039e-04
 nan,  8.29912023e+00,  nan,  1.83307628e-04
 nan,  8.30889541e+00,  nan,  1.67673999e-04
 nan,  8.31867058e+00,  nan,  1.53315640e-04
 nan,  8.32844575e+00,  nan,  1.40133750e-04
 nan,  8.33822092e+00,  nan,  1.28036732e-04
 nan,  8.34799609e+00,  nan,  1.16939697e-04
 nan,  8.35777126e+00,  nan,  1.06764016e-04
 nan,  8.36754643e+00,  nan,  9.74368834e-05
 nan,  8.37732160e+00,  nan,  8.88909236e-05
 nan,  8.38709677e+00,  nan,  8.10638082e-05
 nan,  8.39687195e+00,  nan,  7.38979066e-05
 nan,  8.40664712e+00,  nan,  6.73399545e-05
 nan,  8.41642229e+00,  nan,  6.13407457e-05
 nan,  8.42619746e+00,  nan,  5.58548428e-05
 nan,  8.43597263e+00,  nan,  5.08403072e-05
 nan,  8.44574780e+00,  nan,  4.62584469e-05
 nan,  8.45552297e+00,  nan,  4.20735812e-05
 nan,  8.46529814e+00,  nan,  3.82528203e-05
 nan,  8.47507331e+00,  nan,  3.47658612e-05
 nan,  8.48484848e+00,  nan,  3.15847957e-05
 nan,  8.49462366e+00,  nan,  2.86839332e-05
 nan,  8.50439883e+00,  nan,  2.60396344e-05
 nan,  8.51417400e+00,  nan,  2.36301573e-05
 nan,  8.52394917e+00,  nan,  2.14355135e-05
 nan,  8.53372434e+00,  nan,  1.94373350e-05
 nan,  8.54349951e+00,  nan,  1.76187502e-05
 nan,  8.55327468e+00,  nan,  1.59642686e-05
 nan,  8.56304985e+00,  nan,  1.44596741e-05
 nan,  8.57282502e+00,  nan,  1.30919257e-05
 nan,  8.58260020e+00,  nan,  1.18490658e-05
 nan,  8.59237537e+00,  nan,  1.07201346e-05
 nan,  8.60215054e+00,  nan,  9.69509154e-06
 nan,  8.61192571e+00,  nan,  8.76474208e-06
 nan,  8.62170088e+00,  nan,  7.92066994e-06
 nan,  8.63147605e+00,  nan,  7.15517471e-06
 nan,  8.64125122e+00,  nan,  6.46121389e-06
 nan,  8.65102639e+00,  nan,  5.83234953e-06
 nan,  8.66080156e+00,  nan,  5.26269884e-06
 nan,  8.67057674e+00,  nan,  4.74688863e-06
 nan,  8.68035191e+00,  nan,  4.28001328e-06
 nan,  8.69012708e+00,  nan,  3.85759598e-06
 nan,  8.69990225e+00,  nan,  3.47555299e-06
 nan,  8.70967742e+00,  nan,  3.13016072e-06
 nan,  8.71945259e+00,  nan,  2.81802545e-06
 nan,  8.72922776e+00,  nan,  2.53605538e-06
 nan,  8.73900293e+00,  nan,  2.28143503e-06
 nan,  8.74877810e+00,  nan,  2.05160159e-06
 nan,  8.75855327e+00,  nan,  1.84422328e-06
 nan,  8.76832845e+00,  nan,  1.65717938e-06
 nan,  8.77810362e+00,  nan,  1.48854200e-06
 nan,  8.78787879e+00,  nan,  1.33655924e-06
 nan,  8.79765396e+00,  nan,  1.19963985e-06
 nan,  8.80742913e+00,  nan,  1.07633907e-06
 nan,  8.81720430e+00,  nan,  9.65345714e-07
 nan,  8.82697947e+00,  nan,  8.65470347e-07
 nan,  8.83675464e+00,  nan,  7.75634399e-07
 nan,  8.84652981e+00,  nan,  6.94860269e-07
 nan,  8.85630499e+00,  nan,  6.22262241e-07
 nan,  8.86608016e+00,  nan,  5.57038185e-07
 nan,  8.87585533e+00,  nan,  4.98461976e-07
 nan,  8.88563050e+00,  nan,  4.45876571e-07
 nan,  8.89540567e+00,  nan,  3.98687684e-07
 nan,  8.90518084e+00,  nan,  3.56358020e-07
 nan,  8.91495601e+00,  nan,  3.18402012e-07
 nan,  8.92473118e+00,  nan,  2.84381028e-07
 nan,  8.93450635e+00,  nan,  2.53898997e-07
 nan,  8.94428152e+00,  nan,  2.26598433e-07
 nan,  8.95405670e+00,  nan,  2.02156806e-07
 nan,  8.96383187e+00,  nan,  1.80283251e-07
 nan,  8.97360704e+00,  nan,  1.60715568e-07
 nan,  8.98338221e+00,  nan,  1.43217491e-07
 nan,  8.99315738e+00,  nan,  1.27576219e-07
 nan,  9.00293255e+00,  nan,  1.13600159e-07
 nan,  9.01270772e+00,  nan,  1.01116890e-07
 nan,  9.02248289e+00,  nan,  8.99713042e-08
 nan,  9.03225806e+00,  nan,  8.00239305e-08
 nan,  9.04203324e+00,  nan,  7.11494080e-08
 nan,  9.05180841e+00,  nan,  6.32351064e-08
 nan,  9.06158358e+00,  nan,  5.61798746e-08
 nan,  9.07135875e+00,  nan,  4.98929091e-08
 nan,  9.08113392e+00,  nan,  4.42927289e-08
 nan,  9.09090909e+00,  nan,  3.93062488e-08
 nan,  9.10068426e+00,  nan,  3.48679416e-08
 nan,  9.11045943e+00,  nan,  3.09190805e-08
 nan,  9.12023460e+00,  nan,  2.74070556e-08
 nan,  9.13000978e+00,  nan,  2.42847557e-08
 nan,  9.13978495e+00,  nan,  2.15100118e-08
 nan,  9.14956012e+00,  nan,  1.90450935e-08
 nan,  9.15933529e+00,  nan,  1.68562559e-08
 nan,  9.16911046e+00,  nan,  1.49133316e-08
 nan,  9.17888563e+00,  nan,  1.31893619e-08
 nan,  9.18866080e+00,  nan,  1.16602656e-08
 nan,  9.19843597e+00,  nan,  1.03045409e-08
 nan,  9.20821114e+00,  nan,  9.10299713e-09
 nan,  9.21798631e+00,  nan,  8.03851290e-09
 nan,  9.22776149e+00,  nan,  7.09581966e-09
 nan,  9.23753666e+00,  nan,  6.26130667e-09
 nan,  9.24731183e+00,  nan,  5.52284597e-09
 nan,  9.25708700e+00,  nan,  4.86963530e-09
 nan,  9.26686217e+00,  nan,  4.29205711e-09
 nan,  9.27663734e+00,  nan,  3.78155218e-09
 nan,  9.28641251e+00,  nan,  3.33050624e-09
 nan,  9.29618768e+00,  nan,  2.93214846e-09
 nan,  9.30596285e+00,  nan,  2.58046047e-09
 nan,  9.31573803e+00,  nan,  2.27009490e-09
 nan,  9.32551320e+00,  nan,  1.99630258e-09
 nan,  9.33528837e+00,  nan,  1.75486726e-09
 nan,  9.34506354e+00,  nan,  1.54204740e-09
 nan,  9.35483871e+00,  nan,  1.35452407e-09
 nan,  9.36461388e+00,  nan,  1.18935438e-09
 nan,  9.37438905e+00,  nan,  1.04393000e-09
 nan,  9.38416422e+00,  nan,  9.15940011e-10
 nan,  9.39393939e+00,  nan,  8.03337854e-10
 nan,  9.40371457e+00,  nan,  7.04311830e-10
 nan,  9.41348974e+00,  nan,  6.17258790e-10
 nan,  9.42326491e+00,  nan,  5.40760715e-10
 nan,  9.43304008e+00,  nan,  4.73563840e-10
 nan,  9.44281525e+00,  nan,  4.14560083e-10
 nan,  9.45259042e+00,  nan,  3.62770516e-10
 nan,  9.46236559e+00,  nan,  3.17330657e-10
 nan,  9.47214076e+00,  nan,  2.77477409e-10
 nan,  9.48191593e+00,  nan,  2.42537434e-10
 nan,  9.49169110e+00,  nan,  2.11916843e-10
 nan,  9.50146628e+00,  nan,  1.85092032e-10
 nan,  9.51124145e+00,  nan,  1.61601550e-10
 nan,  9.52101662e+00,  nan,  1.41038886e-10
 nan,  9.53079179e+00,  nan,  1.23046075e-10
 nan,  9.54056696e+00,  nan,  1.07308027e-10
 nan,  9.55034213e+00,  nan,  9.35475047e-11
 nan,  9.56011730e+00,  nan,  8.15206724e-11
 nan,  9.56989247e+00,  nan,  7.10131617e-11
 nan,  9.57966764e+00,  nan,  6.18365845e-11
 nan,  9.58944282e+00,  nan,  5.38254524e-11
 nan,  9.59921799e+00,  nan,  4.68344510e-11
 nan,  9.60899316e+00,  nan,  4.07360324e-11
 nan,  9.61876833e+00,  nan,  3.54182885e-11
 nan,  9.62854350e+00,  nan,  3.07830725e-11
 nan,  9.63831867e+00,  nan,  2.67443414e-11
 nan,  9.64809384e+00,  nan,  2.32266941e-11
 nan,  9.65786901e+00,  nan,  2.01640815e-11
 nan,  9.66764418e+00,  nan,  1.74986698e-11
 nan,  9.67741935e+00,  nan,  1.51798394e-11
 nan,  9.68719453e+00,  nan,  1.31633027e-11
 nan,  9.69696970e+00,  nan,  1.14103275e-11
 nan,  9.70674487e+00,  nan,  9.88705391e-12
 nan,  9.71652004e+00,  nan,  8.56389321e-12
 nan,  9.72629521e+00,  nan,  7.41499962e-12
 nan,  9.73607038e+00,  nan,  6.41780583e-12
 nan,  9.74584555e+00,  nan,  5.55261502e-12
 nan,  9.75562072e+00,  nan,  4.80224267e-12
 nan,  9.76539589e+00,  nan,  4.15170218e-12
 nan,  9.77517107e+00,  nan,  3.58792892e-12
 nan,  9.78494624e+00,  nan,  3.09953839e-12
 nan,  9.79472141e+00,  nan,  2.67661407e-12
 nan,  9.80449658e+00,  nan,  2.31052167e-12
 nan,  9.81427175e+00,  nan,  1.99374625e-12
 nan,  9.82404692e+00,  nan,  1.71974981e-12
 nan,  9.83382209e+00,  nan,  1.48284654e-12
 nan,  9.84359726e+00,  nan,  1.27809370e-12
 nan,  9.85337243e+00,  nan,  1.10119627e-12
 nan,  9.86314761e+00,  nan,  9.48423521e-13
 nan,  9.87292278e+00,  nan,  8.16536215e-13
 nan,  9.88269795e+00,  nan,  7.02722949e-13
 nan,  9.89247312e+00,  nan,  6.04544636e-13
 nan,  9.90224829e+00,  nan,  5.19886041e-13
 nan,  9.91202346e+00,  nan,  4.46913518e-13
 nan,  9.92179863e+00,  nan,  3.84038155e-13
 nan,  9.93157380e+00,  nan,  3.29883663e-13
 nan,  9.94134897e+00,  nan,  2.83258396e-13
 nan,  9.95112414e+00,  nan,  2.43130994e-13
 nan,  9.96089932e+00,  nan,  2.08609176e-13
 nan,  9.97067449e+00,  nan,  1.78921298e-13
 nan,  9.98044966e+00,  nan,  1.53400305e-13
 nan,  9.99022483e+00,  nan,  1.31469786e-13
 nan,  1.00000000e+01,  nan,  1.12631855e-13
